eid	31-0.0	21003-0.0	22009-0.1	22009-0.2	22009-0.3	22009-0.4	22009-0.5	22009-0.6	22009-0.7	22009-0.8	22009-0.9	22009-0.10
UKB_0001	0	65	-0.4	-0.0	-0.4	-0.3	0.1	-0.1	0.4	-0.2	0.2	-0.0
UKB_0002	1	62	0.2	0.1	-0.0	0.5	-0.2	-0.3	0.2	0.3	-0.5	-0.1
UKB_0003	1	57	0.4	0.2	0.5	0.0	0.2	-0.2	0.4	-0.1	0.2	-0.1
UKB_0004	0	67	0.1	0.2	0.0	0.4	-0.1	0.1	-0.2	-0.1	-0.1	-0.4
UKB_0005	0	43	-0.4	0.2	0.2	0.2	-0.5	-0.2	-0.3	0.3	0.4	-0.3
UKB_0006	1	68	0.2	-0.4	-0.2	-0.4	-0.2	0.2	0.4	-0.3	0.0	0.2
UKB_0007	0	66	0.5	0.1	-0.2	0.1	-0.2	0.5	-0.1	0.2	-0.5	-0.1
UKB_0008	1	55	0.4	0.1	-0.1	0.4	0.4	-0.2	0.0	-0.0	0.1	-0.2
UKB_0009	0	62	-0.3	0.4	0.4	0.3	0.5	0.2	0.3	0.3	-0.0	-0.0
UKB_0010	0	56	-0.3	0.1	-0.2	-0.2	0.1	-0.1	-0.3	0.3	0.4	-0.3
UKB_0011	1	48	-0.5	-0.2	0.3	0.3	-0.4	0.3	-0.4	-0.1	0.5	-0.3
UKB_0012	1	64	-0.3	-0.1	0.1	0.4	0.5	-0.4	-0.4	0.3	-0.2	0.4
UKB_0013	1	47	0.2	-0.4	0.3	-0.3	-0.1	0.1	0.0	0.2	0.2	0.5
UKB_0014	1	49	0.5	0.0	-0.4	0.2	0.5	-0.2	-0.0	-0.1	-0.4	0.2
UKB_0015	1	56	-0.1	0.3	0.3	0.3	-0.1	-0.2	0.2	0.3	-0.0	0.4
UKB_0016	1	65	-0.4	0.4	-0.4	-0.3	0.0	-0.4	-0.4	-0.5	-0.1	0.3
UKB_0017	1	51	-0.5	0.2	0.3	-0.3	-0.4	0.4	0.3	0.0	0.3	-0.4
UKB_0018	0	55	-0.1	0.2	-0.2	0.3	0.0	0.3	-0.0	-0.1	-0.3	-0.3
UKB_0019	1	41	0.3	-0.4	-0.4	-0.3	-0.3	0.3	-0.1	0.5	-0.4	0.2
UKB_0020	0	43	-0.1	-0.1	0.4	0.5	0.4	-0.3	-0.3	0.2	-0.2	0.2
UKB_0021	1	41	0.1	0.1	0.3	0.2	-0.5	-0.5	0.1	-0.0	-0.2	-0.1
UKB_0022	0	42	0.3	0.3	0.1	-0.1	-0.2	0.0	-0.2	0.1	0.2	-0.4
UKB_0023	0	66	-0.5	-0.3	0.4	0.1	-0.3	0.4	-0.0	-0.0	0.4	-0.4
UKB_0024	1	66	-0.3	0.1	-0.3	0.2	-0.3	-0.4	-0.3	-0.1	-0.3	-0.4
UKB_0025	1	65	0.4	-0.2	-0.1	-0.4	-0.1	-0.2	0.1	-0.3	0.4	0.4
UKB_0026	1	41	-0.4	-0.4	-0.4	0.1	-0.4	0.4	0.3	0.3	0.0	0.5
UKB_0027	0	42	-0.5	-0.1	-0.2	0.4	0.1	0.3	-0.3	0.5	-0.0	-0.0
UKB_0028	1	48	0.5	-0.1	-0.1	0.1	-0.4	-0.2	-0.3	-0.4	0.4	0.1
UKB_0029	1	57	-0.1	-0.1	-0.1	0.1	0.4	0.4	-0.1	-0.2	-0.0	0.1
UKB_0030	0	50	-0.0	0.2	0.1	-0.2	-0.2	-0.1	-0.4	-0.3	0.2	-0.1
UKB_0031	0	55	-0.3	0.1	0.3	-0.2	0.3	0.4	0.1	0.2	-0.4	0.4
UKB_0032	0	45	-0.1	0.4	0.1	-0.5	-0.5	0.2	0.1	-0.5	0.2	0.4
UKB_0033	0	62	-0.0	-0.0	-0.5	0.3	-0.2	0.4	-0.1	0.1	-0.2	-0.3
UKB_0034	1	49	0.3	-0.0	0.0	0.5	0.5	0.4	-0.3	0.1	0.4	-0.1
UKB_0035	1	42	-0.4	0.3	-0.0	0.1	0.5	0.1	-0.1	-0.1	-0.1	-0.4
UKB_0036	0	63	0.3	0.3	-0.2	-0.2	0.4	-0.5	0.0	-0.0	0.2	-0.3
UKB_0037	1	67	0.2	-0.1	0.1	-0.5	-0.0	0.0	-0.3	-0.4	-0.3	-0.2
UKB_0038	1	40	-0.4	0.4	-0.1	0.3	0.5	-0.4	0.2	0.4	0.1	-0.1
UKB_0039	0	53	-0.1	-0.5	0.0	0.5	0.5	-0.5	0.2	-0.2	0.4	-0.5
UKB_0040	1	65	0.4	0.3	-0.4	-0.4	0.3	-0.3	0.0	0.4	0.1	-0.1
UKB_0041	0	61	-0.1	-0.4	0.5	-0.2	-0.3	-0.2	0.5	-0.4	0.4	0.2
UKB_0042	1	66	0.3	0.5	0.3	0.4	-0.4	0.3	0.0	0.0	0.4	0.5
UKB_0043	1	52	0.2	-0.0	-0.0	-0.1	-0.1	-0.1	-0.4	-0.4	0.3	-0.1
UKB_0044	0	51	0.4	0.1	-0.5	-0.3	-0.3	0.5	-0.3	0.0	0.4	0.5
UKB_0045	0	61	-0.3	-0.5	-0.3	-0.4	-0.3	0.1	0.4	0.0	0.1	-0.3
UKB_0046	1	44	0.3	0.1	0.4	0.4	-0.2	-0.4	-0.3	-0.1	0.4	-0.1
UKB_0047	0	47	0.3	0.0	-0.3	-0.2	0.2	0.2	-0.1	-0.3	0.2	-0.3
UKB_0048	1	58	0.4	-0.3	-0.4	-0.0	0.0	0.0	-0.1	0.5	-0.0	-0.0
UKB_0049	1	60	-0.1	-0.4	0.1	-0.3	0.1	-0.4	0.5	-0.0	0.4	-0.0
UKB_0050	1	43	-0.4	0.3	0.1	0.3	-0.1	0.1	0.4	0.1	-0.2	0.2
UKB_0051	1	55	0.2	0.5	-0.1	-0.1	0.3	0.0	0.2	-0.0	-0.3	0.2
UKB_0052	0	51	-0.4	-0.3	0.1	0.2	0.4	-0.2	-0.4	0.5	-0.3	-0.3
UKB_0053	0	55	-0.2	0.0	0.4	0.3	0.2	-0.3	-0.1	-0.0	-0.4	-0.2
UKB_0054	0	69	-0.2	-0.4	0.1	0.2	-0.4	-0.0	0.3	0.2	0.3	-0.1
UKB_0055	0	42	0.3	-0.3	-0.1	-0.3	-0.0	-0.1	-0.3	0.3	-0.2	-0.2
UKB_0056	0	70	-0.4	-0.1	-0.2	-0.1	-0.3	0.3	0.4	-0.0	0.1	0.4
UKB_0057	1	53	0.5	0.1	0.4	0.4	0.3	-0.0	-0.4	-0.5	-0.0	-0.0
UKB_0058	0	63	-0.1	0.1	0.1	0.3	-0.4	-0.3	0.3	0.3	0.5	0.4
UKB_0059	1	53	0.4	-0.2	-0.1	-0.2	0.1	0.4	-0.2	0.1	-0.2	-0.3
UKB_0060	1	49	-0.3	-0.4	0.4	-0.1	0.3	0.2	-0.3	-0.3	0.3	-0.2
UKB_0061	1	63	0.4	-0.4	0.2	0.3	-0.3	-0.2	0.5	-0.2	-0.1	-0.1
UKB_0062	1	61	-0.2	0.3	0.3	-0.1	0.3	-0.3	-0.5	0.1	0.5	-0.5
UKB_0063	0	44	-0.3	0.0	0.3	-0.4	-0.1	0.2	-0.1	-0.3	-0.3	-0.1
UKB_0064	1	61	-0.0	0.4	0.1	0.2	0.5	-0.1	-0.1	0.4	-0.3	0.2
UKB_0065	0	63	0.3	-0.4	-0.0	-0.3	-0.3	-0.0	-0.2	0.3	0.4	0.3
UKB_0066	0	52	-0.2	-0.2	-0.2	-0.4	0.4	-0.1	-0.3	0.3	-0.1	-0.5
UKB_0067	1	68	-0.3	0.1	0.3	-0.3	0.4	0.4	0.3	-0.3	-0.4	0.4
UKB_0068	0	59	-0.2	0.1	0.3	-0.4	0.3	0.4	0.2	-0.1	0.4	0.0
UKB_0069	0	50	0.2	0.3	0.2	-0.2	-0.4	-0.3	0.0	0.0	0.1	-0.1
UKB_0070	0	40	0.3	0.4	-0.3	0.2	0.2	0.0	-0.3	0.3	0.5	0.2
UKB_0071	1	60	0.4	0.5	-0.1	0.1	-0.0	0.5	-0.4	-0.1	0.4	-0.2
UKB_0072	0	46	0.3	-0.1	0.5	0.4	-0.2	0.3	-0.2	0.1	0.2	0.3
UKB_0073	0	63	-0.5	-0.3	0.2	0.1	-0.0	-0.4	-0.2	0.4	-0.5	-0.1
UKB_0074	0	56	0.4	-0.4	0.2	-0.2	0.4	0.2	0.4	-0.3	0.0	0.3
UKB_0075	1	54	-0.3	-0.3	-0.5	0.5	0.2	0.1	0.2	0.0	-0.0	-0.1
UKB_0076	0	45	0.1	-0.3	0.4	0.3	-0.2	0.1	-0.4	0.5	0.4	0.4
UKB_0077	0	62	-0.2	-0.3	-0.3	-0.4	-0.4	-0.4	0.5	-0.4	-0.4	0.3
UKB_0078	0	45	0.1	0.3	0.1	0.4	0.1	0.0	0.2	-0.1	-0.2	-0.0
UKB_0079	1	52	-0.3	0.3	-0.2	-0.3	-0.3	0.3	-0.2	0.2	0.4	-0.4
UKB_0080	1	65	0.3	-0.2	-0.3	0.2	0.4	-0.2	0.1	-0.2	0.1	0.1
UKB_0081	1	68	0.1	0.1	-0.4	0.2	0.2	0.2	-0.4	-0.1	-0.1	-0.4
UKB_0082	0	70	-0.3	-0.1	0.2	-0.3	0.3	0.0	0.3	-0.0	-0.0	0.1
UKB_0083	0	69	0.4	-0.0	0.0	0.1	0.2	-0.4	0.0	-0.0	0.4	-0.0
UKB_0084	1	57	-0.0	0.5	-0.0	-0.3	-0.3	-0.4	-0.5	-0.1	0.3	0.2
UKB_0085	1	46	-0.5	0.1	-0.3	0.4	-0.3	0.1	-0.2	0.1	-0.1	0.3
UKB_0086	1	66	-0.3	0.4	0.0	0.3	0.3	0.5	-0.3	-0.2	-0.2	-0.2
UKB_0087	0	64	0.1	0.5	0.5	0.0	0.1	0.4	0.4	-0.3	0.0	0.3
UKB_0088	0	70	-0.2	-0.1	0.5	0.5	0.4	0.3	-0.2	-0.2	0.0	0.1
UKB_0089	1	60	0.0	0.1	-0.1	0.2	-0.2	-0.2	-0.4	-0.3	0.4	-0.1
UKB_0090	1	44	-0.3	0.3	0.1	-0.5	-0.2	-0.3	0.2	-0.2	-0.4	-0.4
UKB_0091	0	55	0.1	-0.5	0.3	-0.3	0.1	-0.1	-0.1	-0.4	0.3	0.4
UKB_0092	1	53	-0.5	-0.3	0.4	0.0	-0.3	-0.3	0.2	0.2	0.1	0.5
UKB_0093	1	66	-0.0	-0.2	-0.0	-0.1	-0.3	-0.5	-0.1	0.2	-0.5	-0.1
UKB_0094	0	52	0.1	0.1	0.3	0.3	0.2	-0.4	-0.0	0.1	-0.3	-0.5
UKB_0095	1	50	-0.3	-0.0	-0.1	-0.3	0.3	0.4	-0.3	0.4	-0.5	0.4
UKB_0096	0	42	0.5	-0.5	0.3	0.5	0.4	0.5	0.1	-0.4	0.3	0.1
UKB_0097	0	65	0.1	-0.1	0.1	-0.3	0.2	-0.4	0.2	0.3	-0.0	0.0
UKB_0098	1	63	-0.2	0.5	0.2	-0.1	-0.3	-0.3	-0.0	0.4	0.2	-0.3
UKB_0099	1	41	0.4	-0.1	0.4	-0.3	0.1	0.4	-0.2	0.2	0.5	-0.3
UKB_0100	0	53	-0.4	0.2	-0.2	-0.4	-0.0	0.3	-0.2	-0.2	0.3	0.0
UKB_0101	1	54	0.3	-0.1	0.5	0.2	-0.4	0.4	-0.0	-0.4	-0.3	0.2
UKB_0102	0	54	-0.5	-0.2	-0.4	-0.1	-0.1	0.0	-0.2	-0.5	0.1	-0.1
UKB_0103	1	68	0.2	-0.4	-0.5	-0.3	-0.0	-0.1	0.3	-0.1	0.0	0.1
UKB_0104	0	44	-0.5	0.0	-0.2	-0.1	-0.4	0.3	0.4	-0.5	0.1	0.3
UKB_0105	1	49	-0.2	0.3	0.1	0.4	0.5	-0.5	-0.1	0.0	-0.4	-0.2
UKB_0106	1	45	0.5	-0.5	-0.0	0.3	-0.2	-0.0	0.5	-0.0	-0.4	-0.4
UKB_0107	1	47	0.4	-0.2	0.0	-0.4	-0.1	0.4	0.0	0.5	-0.2	0.0
UKB_0108	1	68	0.4	-0.1	-0.2	0.4	-0.1	0.0	0.5	-0.3	-0.2	-0.5
UKB_0109	0	69	-0.1	-0.3	0.2	-0.3	0.2	-0.2	-0.1	-0.2	0.2	-0.0
UKB_0110	1	41	-0.1	0.4	0.1	-0.3	0.4	-0.2	-0.5	-0.0	-0.4	-0.3
UKB_0111	0	59	0.2	-0.4	0.3	0.4	0.1	0.2	0.2	0.5	-0.2	-0.3
UKB_0112	1	47	0.0	0.0	-0.3	0.1	-0.5	0.4	-0.2	-0.5	-0.4	-0.3
UKB_0113	1	45	-0.2	-0.5	-0.2	-0.3	-0.1	-0.1	-0.2	-0.2	-0.4	-0.5
UKB_0114	0	49	-0.3	0.3	0.5	0.4	0.0	0.0	-0.2	0.3	0.3	0.3
UKB_0115	1	46	0.4	-0.1	0.3	0.3	-0.2	0.4	-0.4	0.5	0.3	-0.4
UKB_0116	1	55	0.2	-0.5	0.3	0.3	0.1	0.4	-0.4	-0.2	-0.1	-0.5
UKB_0117	0	70	-0.1	-0.2	-0.1	-0.1	0.4	-0.2	0.4	-0.1	-0.2	0.0
UKB_0118	0	58	-0.1	-0.2	0.0	-0.3	-0.1	0.1	-0.1	0.3	-0.2	0.5
UKB_0119	0	62	0.3	0.5	0.3	-0.4	0.0	-0.3	0.3	0.1	-0.2	0.4
UKB_0120	0	55	-0.4	0.1	0.2	-0.4	0.1	0.3	-0.4	0.0	-0.2	0.2
UKB_0121	0	40	-0.4	0.4	0.4	-0.3	-0.2	0.1	0.2	-0.1	-0.3	-0.4
UKB_0122	1	42	0.5	-0.0	0.4	-0.0	0.4	-0.4	-0.4	0.4	0.4	-0.2
UKB_0123	1	48	-0.1	-0.0	-0.1	-0.3	0.4	-0.2	0.2	-0.4	-0.5	0.2
UKB_0124	0	47	-0.2	0.2	-0.4	0.4	0.2	0.4	-0.4	-0.2	-0.1	0.0
UKB_0125	1	66	-0.2	-0.4	-0.1	-0.2	-0.1	-0.3	-0.2	0.1	-0.1	-0.2
UKB_0126	1	66	0.0	0.3	-0.1	0.1	0.5	0.0	0.4	0.3	-0.4	-0.1
UKB_0127	0	66	0.2	0.5	-0.0	-0.4	0.1	-0.4	0.3	0.0	0.2	0.4
UKB_0128	1	59	0.1	0.1	0.3	0.3	0.4	-0.5	0.1	-0.3	0.4	0.1
UKB_0129	1	57	-0.1	-0.3	-0.2	0.2	-0.3	-0.4	0.4	0.3	-0.3	-0.2
UKB_0130	1	60	0.5	0.2	0.1	-0.2	-0.2	-0.5	0.2	-0.5	-0.5	0.2
UKB_0131	1	52	0.4	0.3	-0.0	-0.0	-0.1	-0.2	0.0	-0.1	0.1	0.4
UKB_0132	1	60	0.5	-0.4	-0.1	-0.3	-0.1	-0.2	-0.3	0.3	-0.0	0.4
UKB_0133	0	64	-0.5	-0.4	-0.1	-0.4	-0.2	0.5	-0.3	-0.3	0.1	-0.0
UKB_0134	1	63	0.1	-0.1	0.3	-0.4	-0.1	0.2	0.4	-0.1	0.1	-0.4
UKB_0135	1	59	-0.3	-0.4	0.2	-0.2	0.2	-0.4	0.4	0.3	-0.4	-0.5
UKB_0136	0	41	-0.4	0.4	-0.3	0.0	-0.1	0.3	-0.0	0.0	0.5	-0.3
UKB_0137	1	62	0.3	-0.4	-0.0	0.4	0.2	0.2	-0.2	-0.1	-0.1	0.0
UKB_0138	0	51	-0.0	-0.2	-0.2	-0.2	-0.1	-0.4	0.4	0.1	-0.4	0.2
UKB_0139	0	63	0.3	-0.3	-0.3	-0.5	-0.5	0.3	0.5	-0.5	0.2	-0.4
UKB_0140	0	56	0.1	0.3	-0.1	-0.5	0.1	0.5	-0.2	-0.3	-0.4	0.1
UKB_0141	1	67	0.1	0.3	0.3	0.4	0.3	-0.3	0.1	-0.2	-0.2	0.4
UKB_0142	0	50	0.2	0.5	-0.1	0.0	-0.0	-0.4	-0.3	0.0	-0.4	0.4
UKB_0143	0	68	-0.4	-0.3	0.3	-0.4	0.4	0.2	-0.4	0.2	0.1	0.3
UKB_0144	0	66	0.3	0.2	0.1	-0.2	0.2	0.5	0.1	0.2	-0.1	0.3
UKB_0145	1	50	0.5	-0.3	-0.3	0.0	-0.0	0.1	-0.5	-0.1	0.1	0.1
UKB_0146	1	54	0.2	0.2	0.1	0.3	0.1	0.0	0.1	-0.4	-0.2	0.0
UKB_0147	0	56	0.4	0.2	-0.4	0.1	-0.3	0.2	0.3	0.1	0.1	-0.2
UKB_0148	0	63	-0.1	0.4	0.2	0.0	-0.1	-0.4	-0.4	-0.3	-0.1	0.4
UKB_0149	1	61	0.0	-0.3	-0.4	-0.2	0.3	-0.1	0.3	0.3	-0.4	0.1
UKB_0150	0	66	0.5	-0.1	-0.4	0.4	0.4	0.0	0.1	-0.3	0.3	-0.0
UKB_0151	1	51	-0.5	0.2	0.5	0.3	-0.2	-0.4	0.4	0.4	0.0	0.1
UKB_0152	0	55	-0.0	-0.1	-0.4	-0.4	-0.3	0.3	-0.4	-0.3	0.0	-0.3
UKB_0153	1	53	-0.3	0.1	-0.1	0.1	0.4	-0.3	0.4	0.4	0.3	0.1
UKB_0154	0	68	0.1	0.1	0.2	-0.5	0.5	0.1	0.3	-0.1	-0.5	0.0
UKB_0155	0	49	0.0	-0.1	-0.2	-0.3	0.0	-0.1	0.5	-0.3	-0.2	-0.2
UKB_0156	1	58	0.0	-0.0	0.1	0.5	-0.2	0.2	-0.5	-0.2	-0.0	-0.5
UKB_0157	0	43	0.1	0.2	0.2	0.0	0.1	-0.1	-0.5	-0.4	0.2	0.5
UKB_0158	1	66	-0.5	0.1	0.3	0.3	0.0	0.1	0.2	0.4	-0.4	0.4
UKB_0159	1	51	-0.5	0.3	-0.4	-0.3	-0.5	-0.1	-0.2	-0.3	-0.0	-0.1
UKB_0160	1	50	0.3	0.4	0.2	-0.4	-0.2	0.4	-0.4	-0.1	0.4	0.5
UKB_0161	1	58	-0.1	0.2	-0.0	0.3	-0.5	-0.4	0.1	-0.3	0.2	-0.1
UKB_0162	1	55	0.4	0.3	-0.0	0.3	-0.2	-0.0	-0.3	0.4	0.3	0.4
UKB_0163	0	66	0.4	0.5	-0.3	0.4	0.1	-0.1	0.1	-0.2	-0.2	-0.3
UKB_0164	0	56	-0.4	-0.0	0.4	0.1	0.0	-0.1	-0.0	-0.3	0.3	-0.3
UKB_0165	0	56	0.2	0.3	0.1	0.4	-0.2	0.4	0.2	0.3	0.2	0.3
UKB_0166	1	43	0.5	-0.1	0.3	0.2	-0.0	0.4	-0.1	0.1	-0.4	-0.3
UKB_0167	0	40	0.3	-0.1	-0.1	-0.3	-0.0	0.3	0.4	-0.4	0.1	-0.0
UKB_0168	0	52	0.1	-0.1	-0.1	-0.0	0.1	0.0	-0.0	0.3	0.2	-0.2
UKB_0169	0	70	0.3	0.4	-0.3	0.1	-0.2	0.2	-0.3	0.2	-0.2	0.0
UKB_0170	0	68	0.4	-0.1	0.4	0.5	0.4	-0.3	0.3	-0.5	-0.1	0.4
UKB_0171	0	59	0.2	0.0	-0.1	0.3	0.2	-0.0	0.4	-0.3	-0.3	0.1
UKB_0172	0	59	0.5	-0.3	-0.3	-0.4	0.4	-0.3	0.0	0.5	-0.5	0.1
UKB_0173	1	52	0.0	0.3	-0.1	-0.1	-0.3	0.2	0.3	-0.4	-0.1	0.4
UKB_0174	1	45	-0.5	-0.2	0.1	-0.2	-0.2	-0.0	-0.3	0.0	0.2	0.1
UKB_0175	1	40	-0.4	0.3	-0.3	0.3	-0.1	0.3	-0.3	-0.3	-0.0	-0.5
UKB_0176	0	50	-0.3	0.2	0.3	-0.4	0.4	0.3	0.4	0.2	0.2	0.0
UKB_0177	1	49	0.2	0.4	-0.4	-0.2	-0.4	0.4	-0.1	0.2	0.3	0.5
UKB_0178	0	45	-0.3	0.3	0.4	-0.5	0.3	-0.1	0.1	0.0	-0.2	-0.4
UKB_0179	1	48	-0.4	-0.4	0.1	-0.1	-0.3	0.2	0.2	0.0	0.4	-0.1
UKB_0180	1	40	0.3	-0.4	0.2	0.5	0.3	0.1	0.1	-0.1	0.2	0.3
UKB_0181	1	58	0.5	-0.0	-0.4	0.1	-0.4	-0.3	-0.2	0.2	-0.3	-0.3
UKB_0182	0	68	-0.5	0.4	0.2	-0.5	-0.5	0.1	-0.2	0.1	-0.1	0.4
UKB_0183	0	61	-0.2	0.2	-0.4	0.5	0.5	0.2	-0.0	-0.3	0.3	0.2
UKB_0184	1	53	-0.3	-0.0	-0.0	0.3	0.2	0.1	0.1	-0.2	-0.1	-0.5
UKB_0185	0	53	0.3	-0.1	-0.1	-0.3	-0.3	0.1	-0.3	-0.4	0.3	-0.1
UKB_0186	0	49	-0.1	-0.1	0.3	-0.2	0.3	0.4	0.2	-0.1	0.2	-0.0
UKB_0187	0	44	-0.1	0.0	-0.2	-0.4	-0.1	-0.4	-0.1	0.1	0.4	-0.5
UKB_0188	0	58	0.1	-0.0	-0.5	-0.3	-0.4	-0.3	-0.2	-0.1	0.0	-0.5
UKB_0189	0	57	-0.3	-0.4	0.0	-0.2	0.0	-0.3	-0.5	0.4	-0.4	-0.4
UKB_0190	0	40	-0.4	0.5	0.1	0.1	0.5	-0.4	0.5	-0.3	0.1	-0.1
UKB_0191	1	52	-0.1	0.4	-0.4	0.5	-0.1	0.1	0.5	-0.4	0.4	0.1
UKB_0192	1	48	0.2	-0.4	0.0	0.2	-0.0	-0.3	-0.3	0.4	-0.5	0.2
UKB_0193	1	45	0.5	-0.5	-0.3	0.2	-0.4	0.1	0.2	0.1	-0.1	0.2
UKB_0194	0	61	0.1	-0.3	0.1	0.4	0.2	-0.0	-0.2	-0.4	-0.3	-0.5
UKB_0195	1	56	0.5	-0.3	0.3	-0.3	-0.2	-0.1	-0.2	0.3	0.5	0.4
UKB_0196	0	59	-0.3	0.3	-0.4	0.4	0.0	-0.2	-0.3	-0.5	-0.3	0.4
UKB_0197	0	62	0.3	0.5	-0.4	0.1	-0.2	0.0	-0.2	-0.2	0.1	-0.3
UKB_0198	0	70	-0.0	0.2	-0.4	0.4	0.0	0.3	0.2	0.2	0.2	0.4
UKB_0199	0	64	0.1	-0.2	-0.4	0.1	-0.4	-0.3	-0.4	0.0	-0.3	0.1
UKB_0200	1	59	0.3	0.3	-0.2	0.0	0.1	-0.0	0.2	-0.3	0.5	-0.4
UKB_0201	0	67	0.3	0.1	-0.3	0.2	-0.4	0.3	0.1	-0.4	-0.4	0.3
UKB_0202	1	54	-0.2	0.4	0.3	0.2	-0.2	0.2	0.4	-0.4	-0.2	-0.3
UKB_0203	0	70	-0.1	0.2	-0.0	0.1	-0.2	-0.4	-0.2	0.4	0.1	-0.1
UKB_0204	1	63	0.3	-0.4	-0.2	-0.3	0.5	0.2	0.1	-0.5	-0.3	0.1
UKB_0205	0	60	-0.1	0.4	0.3	-0.1	0.2	0.5	-0.0	0.1	0.4	-0.3
UKB_0206	0	68	0.4	-0.4	0.1	0.3	0.1	-0.0	0.1	-0.3	-0.3	-0.2
UKB_0207	1	55	0.1	-0.1	-0.3	0.4	-0.1	-0.1	-0.1	-0.3	0.2	-0.1
UKB_0208	1	62	-0.5	0.5	0.3	0.2	0.4	0.4	-0.2	0.1	0.1	-0.2
UKB_0209	0	48	-0.3	-0.4	0.2	0.3	0.3	-0.2	-0.3	-0.0	0.0	0.4
UKB_0210	1	69	0.4	0.4	0.4	0.5	-0.0	-0.5	-0.4	-0.1	-0.2	-0.3
UKB_0211	0	59	0.5	-0.3	0.5	0.3	0.1	0.2	-0.2	0.1	-0.3	0.4
UKB_0212	1	64	-0.2	-0.2	0.2	0.2	-0.0	0.1	-0.3	0.2	-0.2	-0.2
UKB_0213	1	54	-0.3	-0.2	-0.2	-0.0	-0.3	-0.3	0.0	-0.4	0.2	0.4
UKB_0214	0	66	-0.1	0.4	-0.4	-0.5	0.2	0.3	0.3	-0.4	0.3	-0.1
UKB_0215	1	42	-0.2	-0.3	0.5	-0.4	0.3	0.1	0.2	0.2	0.4	-0.3
UKB_0216	0	43	-0.5	0.1	-0.1	-0.4	-0.3	-0.2	-0.4	-0.4	0.4	-0.2
UKB_0217	0	55	0.5	0.5	-0.4	0.2	0.1	0.2	-0.4	-0.3	-0.4	0.1
UKB_0218	0	62	0.5	0.2	0.2	0.5	0.2	-0.5	0.4	-0.1	-0.5	0.0
UKB_0219	0	65	0.4	-0.2	-0.0	-0.3	-0.4	-0.4	0.2	0.4	-0.4	-0.2
UKB_0220	1	53	-0.3	-0.5	0.1	0.2	0.1	-0.1	0.1	-0.4	-0.3	0.4
UKB_0221	0	60	0.3	0.4	0.4	0.1	0.4	-0.1	-0.5	-0.4	-0.4	-0.4
UKB_0222	0	57	-0.1	0.2	0.3	0.1	-0.4	0.2	-0.1	-0.5	-0.2	-0.2
UKB_0223	1	69	-0.2	0.3	0.3	0.2	-0.4	0.3	0.2	-0.3	0.1	-0.0
UKB_0224	0	60	-0.1	-0.4	0.0	-0.4	-0.3	-0.4	0.5	-0.2	-0.1	-0.2
UKB_0225	1	52	0.4	0.1	0.4	-0.2	-0.4	0.1	-0.2	0.3	0.4	-0.0
UKB_0226	0	70	0.5	0.1	-0.2	-0.0	-0.5	0.3	-0.4	-0.2	0.1	-0.5
UKB_0227	1	43	-0.4	0.2	-0.4	-0.0	-0.2	-0.3	-0.3	0.3	0.5	-0.4
UKB_0228	1	70	0.5	0.1	0.1	0.2	0.2	0.3	-0.0	0.0	-0.2	-0.4
UKB_0229	1	44	0.2	-0.5	-0.2	-0.4	-0.3	0.1	0.1	-0.1	-0.4	-0.1
UKB_0230	0	48	-0.1	0.2	0.1	-0.0	-0.0	0.5	0.3	-0.0	-0.0	-0.5
UKB_0231	0	65	0.4	-0.2	-0.2	0.5	0.2	-0.5	-0.4	-0.5	0.1	-0.4
UKB_0232	1	62	0.4	0.4	0.0	0.1	-0.2	-0.4	0.2	-0.4	-0.4	-0.2
UKB_0233	0	70	-0.5	-0.1	0.2	0.3	0.1	0.3	-0.1	0.3	0.0	-0.3
UKB_0234	1	63	0.4	-0.2	-0.5	-0.3	-0.1	-0.1	0.0	0.4	-0.2	0.0
UKB_0235	0	59	-0.2	0.3	-0.3	-0.4	0.0	0.2	0.3	0.1	0.3	-0.1
UKB_0236	1	50	-0.5	-0.4	-0.5	-0.2	-0.0	-0.1	0.1	-0.0	0.2	0.2
UKB_0237	1	40	-0.2	-0.2	0.1	0.1	-0.2	-0.2	0.2	0.1	-0.4	-0.1
UKB_0238	0	43	0.4	-0.5	0.4	-0.3	0.0	-0.1	-0.5	0.4	-0.0	0.5
UKB_0239	0	49	-0.2	0.4	0.4	0.1	-0.3	0.2	0.0	0.4	-0.1	-0.2
UKB_0240	1	41	-0.4	0.2	0.5	-0.5	0.2	0.4	-0.4	-0.4	0.2	0.1
UKB_0241	0	55	-0.4	0.3	0.0	0.4	0.4	0.3	0.0	-0.2	0.0	-0.4
UKB_0242	1	64	0.2	-0.4	0.0	-0.4	-0.2	-0.3	0.1	0.3	-0.4	0.4
UKB_0243	0	69	0.4	-0.2	0.2	-0.1	-0.3	0.0	-0.4	0.4	0.4	0.3
UKB_0244	1	55	0.1	0.1	0.5	-0.3	-0.4	0.1	-0.2	-0.2	-0.5	0.1
UKB_0245	1	67	-0.2	-0.3	-0.5	-0.1	0.4	-0.2	0.2	0.3	-0.2	0.3
UKB_0246	0	70	0.2	0.1	-0.5	-0.5	0.5	0.3	0.4	0.4	-0.5	0.3
UKB_0247	1	66	-0.0	0.3	-0.5	-0.2	0.3	0.3	0.1	-0.2	-0.2	0.5
UKB_0248	0	54	-0.1	-0.1	0.1	-0.1	0.1	-0.1	0.3	0.4	0.4	0.1
UKB_0249	1	50	-0.1	0.2	0.3	0.1	0.2	0.2	0.2	0.2	-0.3	-0.0
UKB_0250	0	70	0.1	-0.5	0.4	0.1	-0.4	0.3	0.2	0.3	-0.1	0.4
UKB_0251	0	47	-0.1	0.1	-0.5	0.1	0.2	0.1	-0.0	0.3	0.2	-0.2
UKB_0252	0	52	0.5	0.2	0.5	0.5	0.4	0.3	0.1	-0.3	0.0	0.3
UKB_0253	0	42	0.0	0.4	-0.4	-0.1	0.0	-0.1	-0.4	-0.3	0.3	-0.0
UKB_0254	0	64	-0.5	-0.5	-0.0	-0.3	0.2	0.3	-0.3	0.1	-0.3	-0.2
UKB_0255	1	60	0.4	0.0	0.4	-0.3	-0.2	-0.0	-0.0	0.5	-0.4	0.4
UKB_0256	0	42	0.4	0.1	-0.2	0.0	-0.2	0.3	-0.0	0.4	0.1	0.0
UKB_0257	1	46	0.2	0.0	0.4	-0.3	0.5	0.3	0.4	-0.0	0.3	-0.2
UKB_0258	0	57	0.3	-0.4	-0.2	-0.1	-0.2	-0.1	0.3	-0.2	0.2	-0.4
UKB_0259	0	56	0.3	0.3	-0.1	0.2	0.4	0.3	-0.1	-0.0	0.3	-0.2
UKB_0260	1	64	0.3	-0.2	0.3	-0.4	-0.5	0.5	0.4	0.4	0.5	-0.1
UKB_0261	1	48	-0.2	-0.4	0.0	-0.3	0.4	-0.5	-0.4	-0.3	-0.3	-0.3
UKB_0262	0	68	0.2	-0.2	0.1	0.4	0.1	0.2	-0.1	-0.3	-0.2	0.5
UKB_0263	0	53	0.1	-0.2	-0.0	0.3	0.2	0.1	0.4	0.2	0.1	-0.3
UKB_0264	1	65	-0.4	0.5	0.1	-0.1	0.1	-0.4	0.3	-0.3	0.3	0.0
UKB_0265	1	47	-0.2	-0.5	0.3	-0.3	-0.4	0.3	-0.1	-0.1	-0.3	0.4
UKB_0266	1	41	-0.2	-0.3	-0.2	-0.3	-0.2	-0.4	-0.3	-0.1	0.4	-0.4
UKB_0267	0	41	-0.3	0.4	0.4	0.2	-0.3	-0.1	-0.3	-0.4	-0.1	0.1
UKB_0268	0	51	-0.1	0.1	-0.2	-0.2	0.3	0.4	-0.2	0.1	-0.2	-0.4
UKB_0269	1	69	0.2	-0.3	-0.1	-0.0	-0.3	-0.4	-0.2	0.5	0.1	-0.1
UKB_0270	1	41	-0.5	0.1	-0.4	0.0	0.3	-0.1	-0.2	-0.5	-0.5	-0.1
UKB_0271	0	51	0.4	-0.3	0.1	0.2	-0.4	-0.3	-0.2	0.2	-0.1	0.2
UKB_0272	0	43	0.4	0.3	0.5	0.3	0.4	0.3	0.2	0.3	0.4	-0.0
UKB_0273	0	68	0.1	0.0	0.4	-0.1	0.3	0.3	0.5	-0.3	0.2	0.3
UKB_0274	1	60	0.4	0.4	0.1	0.1	-0.3	0.5	-0.2	0.2	0.3	-0.1
UKB_0275	0	63	-0.3	-0.3	0.4	0.0	-0.4	0.2	-0.2	0.4	-0.2	-0.3
UKB_0276	0	62	-0.4	0.0	-0.0	0.3	-0.0	-0.2	-0.2	-0.2	0.4	-0.3
UKB_0277	0	60	0.5	-0.2	-0.4	-0.3	-0.4	0.3	0.0	-0.2	0.2	0.1
UKB_0278	1	63	0.4	0.5	0.2	0.3	0.3	-0.0	0.2	-0.4	0.3	0.5
UKB_0279	0	40	-0.4	0.3	0.4	-0.3	0.0	0.4	0.5	-0.4	-0.2	0.2
UKB_0280	0	66	-0.3	-0.2	-0.5	-0.3	0.1	0.2	0.1	0.3	-0.1	-0.2
UKB_0281	0	62	-0.5	-0.3	-0.2	-0.3	-0.5	-0.3	0.2	0.1	0.4	0.3
UKB_0282	0	62	0.1	-0.4	0.1	-0.4	-0.1	-0.1	-0.1	-0.2	0.2	0.3
UKB_0283	1	52	0.3	0.1	0.0	-0.5	0.2	0.0	-0.2	-0.2	0.4	0.1
UKB_0284	0	64	-0.0	0.1	-0.1	-0.0	-0.2	-0.1	0.2	-0.5	0.3	-0.2
UKB_0285	0	51	0.2	0.1	0.2	0.1	0.5	0.0	0.2	0.2	-0.3	-0.2
UKB_0286	1	41	-0.1	-0.2	-0.1	-0.1	0.1	-0.3	0.3	-0.1	0.2	-0.4
UKB_0287	0	68	-0.0	-0.5	0.2	-0.2	0.4	-0.2	0.1	-0.2	0.1	-0.0
UKB_0288	1	47	-0.1	-0.3	-0.4	-0.4	0.5	-0.1	-0.5	0.5	-0.5	-0.1
UKB_0289	1	43	0.2	0.4	0.2	-0.0	0.5	-0.5	0.5	0.3	0.4	-0.2
UKB_0290	0	59	-0.4	0.2	0.0	0.0	0.4	0.1	-0.2	-0.1	-0.4	-0.3
UKB_0291	1	47	-0.4	0.3	0.2	0.0	-0.1	0.2	0.3	0.4	0.0	0.3
UKB_0292	0	66	0.0	-0.0	0.4	-0.1	-0.1	-0.2	0.0	0.0	0.2	-0.1
UKB_0293	1	53	-0.3	0.4	-0.2	0.4	-0.3	0.1	0.0	0.3	-0.4	0.4
UKB_0294	0	40	0.0	0.1	0.0	-0.5	-0.0	-0.2	-0.2	0.1	-0.0	-0.4
UKB_0295	1	69	-0.4	-0.3	-0.3	0.1	-0.3	0.4	-0.3	-0.4	0.4	-0.2
UKB_0296	1	55	-0.1	0.5	0.4	0.2	-0.4	0.1	0.5	0.4	-0.4	-0.1
UKB_0297	1	48	-0.2	-0.4	0.2	-0.2	-0.2	-0.4	-0.0	-0.3	-0.1	-0.4
UKB_0298	0	60	0.5	-0.4	0.0	-0.3	-0.4	-0.3	-0.4	-0.4	-0.0	0.2
UKB_0299	0	56	-0.4	-0.1	0.1	-0.3	-0.1	-0.4	-0.3	-0.0	0.5	0.5
UKB_0300	0	40	0.5	-0.1	-0.4	-0.2	-0.3	-0.5	-0.4	-0.0	-0.2	-0.3
UKB_0301	0	63	0.2	-0.1	0.4	-0.3	0.0	-0.3	-0.0	-0.3	-0.3	0.1
UKB_0302	1	52	-0.2	-0.3	0.4	-0.5	0.1	0.0	-0.2	-0.0	-0.4	0.2
UKB_0303	0	61	-0.3	-0.3	-0.2	0.4	0.3	0.4	0.2	0.2	-0.0	0.4
UKB_0304	1	67	0.0	-0.1	0.1	0.0	-0.4	-0.1	-0.2	0.3	-0.1	0.3
UKB_0305	1	58	-0.1	0.3	-0.4	0.4	-0.0	-0.2	-0.3	-0.2	-0.1	0.2
UKB_0306	0	60	0.4	0.2	0.0	-0.1	0.3	0.3	-0.2	0.5	-0.1	0.3
UKB_0307	0	47	0.5	0.2	-0.3	0.1	-0.4	0.3	-0.2	0.2	0.4	-0.3
UKB_0308	1	47	-0.1	0.1	-0.1	-0.3	-0.5	-0.1	0.1	0.1	-0.3	-0.0
UKB_0309	0	52	-0.1	-0.2	0.2	-0.2	0.0	0.4	0.0	0.1	-0.4	-0.3
UKB_0310	0	66	-0.4	0.3	0.3	-0.3	-0.3	-0.2	0.1	0.1	0.2	0.4
UKB_0311	1	56	-0.2	0.2	0.1	-0.2	0.4	-0.4	0.2	0.2	0.4	0.0
UKB_0312	1	50	-0.2	0.3	0.3	0.0	0.3	-0.2	0.1	0.4	-0.2	-0.0
UKB_0313	0	64	0.5	0.3	0.4	-0.1	0.5	-0.3	0.0	-0.0	0.3	0.4
UKB_0314	0	66	0.2	0.1	-0.1	0.0	0.0	-0.5	0.0	0.4	0.2	0.3
UKB_0315	0	67	-0.1	0.0	-0.5	-0.1	-0.0	-0.2	-0.5	0.2	-0.1	-0.1
UKB_0316	1	49	-0.3	0.0	-0.1	-0.0	0.1	-0.5	0.4	-0.4	-0.0	-0.3
UKB_0317	1	61	0.0	-0.2	0.4	-0.1	0.1	-0.3	-0.5	-0.1	0.0	-0.0
UKB_0318	1	58	0.5	0.2	0.5	-0.2	0.3	0.1	0.1	0.5	0.2	0.4
UKB_0319	1	53	0.2	-0.4	0.2	-0.0	0.4	0.3	-0.4	-0.4	-0.4	-0.0
UKB_0320	1	52	-0.4	0.2	0.1	0.3	-0.2	0.0	-0.4	0.4	-0.3	-0.4
UKB_0321	0	43	-0.3	0.3	-0.4	0.1	0.2	0.3	-0.3	-0.4	-0.1	-0.3
UKB_0322	0	48	0.2	-0.1	-0.1	-0.4	0.1	-0.3	0.2	-0.4	0.5	0.2
UKB_0323	1	57	-0.3	-0.5	-0.2	-0.3	-0.3	0.4	0.1	-0.3	0.1	-0.2
UKB_0324	1	67	0.5	-0.5	0.2	0.3	-0.4	-0.3	-0.1	0.4	0.0	0.2
UKB_0325	1	66	0.3	0.3	-0.0	0.0	0.2	-0.2	0.4	-0.5	-0.3	0.3
UKB_0326	0	45	-0.2	-0.4	-0.3	0.0	0.3	-0.4	-0.5	-0.0	0.5	-0.2
UKB_0327	0	61	0.5	0.4	-0.2	0.3	0.2	0.0	-0.1	0.3	0.3	0.3
UKB_0328	0	42	0.5	-0.0	0.3	0.4	-0.3	-0.5	-0.1	0.4	-0.2	0.2
UKB_0329	0	60	-0.5	-0.1	0.1	-0.4	0.4	-0.3	0.4	-0.3	0.5	0.1
UKB_0330	1	50	-0.4	-0.4	-0.4	0.1	0.3	-0.1	-0.1	0.1	0.0	0.2
UKB_0331	1	53	-0.0	0.2	0.5	-0.1	-0.5	-0.4	0.1	-0.2	0.4	0.1
UKB_0332	0	62	0.0	0.3	-0.2	0.3	-0.5	0.1	0.4	0.3	0.4	-0.1
UKB_0333	0	53	0.3	0.1	0.1	-0.4	-0.3	0.1	-0.4	0.2	0.3	0.4
UKB_0334	1	65	-0.4	0.4	-0.4	-0.0	0.3	-0.4	-0.5	-0.5	0.0	0.3
UKB_0335	0	56	-0.4	-0.4	0.1	-0.3	0.2	0.4	0.3	0.4	0.0	0.3
UKB_0336	1	70	-0.3	-0.4	0.2	-0.4	0.4	0.2	0.5	-0.2	-0.0	0.2
UKB_0337	1	59	-0.3	0.0	0.2	0.5	0.2	-0.4	-0.0	0.1	-0.4	-0.1
UKB_0338	0	49	-0.2	-0.4	0.0	-0.3	0.1	-0.3	0.2	-0.3	0.4	-0.5
UKB_0339	0	64	0.0	-0.2	-0.3	-0.0	0.3	0.4	-0.2	-0.3	0.2	0.1
UKB_0340	1	52	-0.3	0.3	0.0	0.2	-0.1	-0.1	-0.3	0.3	-0.3	0.3
UKB_0341	1	56	0.3	0.2	-0.5	-0.2	-0.0	0.1	0.4	-0.1	0.4	-0.3
UKB_0342	0	44	-0.1	-0.4	0.2	-0.3	-0.2	0.3	0.0	-0.5	-0.5	0.0
UKB_0343	1	43	-0.2	-0.3	0.1	-0.3	0.1	-0.1	-0.3	-0.4	-0.3	-0.5
UKB_0344	1	57	-0.2	0.4	0.3	-0.1	0.1	0.1	0.3	-0.3	-0.2	-0.2
UKB_0345	1	45	-0.5	-0.2	0.4	0.4	-0.4	-0.0	-0.1	-0.0	0.1	-0.5
UKB_0346	0	70	0.3	0.5	0.2	0.2	0.0	-0.2	-0.4	0.1	-0.5	0.3
UKB_0347	1	66	-0.1	-0.1	-0.2	0.5	-0.3	-0.3	-0.3	0.2	0.5	-0.3
UKB_0348	1	61	0.4	-0.2	0.1	-0.5	-0.0	0.2	0.0	-0.3	0.3	0.5
UKB_0349	0	62	-0.0	0.1	0.3	-0.3	0.4	-0.2	0.3	-0.4	-0.2	0.0
UKB_0350	0	58	0.0	0.4	0.5	-0.4	-0.2	-0.1	-0.0	-0.0	0.4	0.3
UKB_0351	1	41	-0.5	-0.0	0.1	-0.0	-0.4	-0.1	-0.1	-0.3	0.3	-0.2
UKB_0352	0	52	0.1	0.0	0.4	-0.4	-0.4	-0.2	-0.1	-0.2	0.3	-0.3
UKB_0353	0	55	-0.4	-0.1	0.3	0.4	0.2	0.1	0.2	0.2	-0.3	0.1
UKB_0354	0	68	0.3	-0.2	0.2	-0.0	0.0	-0.4	0.2	0.4	-0.4	-0.1
UKB_0355	1	46	-0.5	-0.5	0.5	-0.0	-0.1	-0.2	0.5	-0.2	0.2	-0.2
UKB_0356	1	55	-0.4	0.2	-0.5	0.2	-0.2	0.2	0.3	0.2	-0.5	0.2
UKB_0357	0	50	0.5	-0.3	-0.2	0.3	-0.3	0.2	0.3	-0.5	0.1	0.1
UKB_0358	1	44	-0.2	0.4	-0.3	-0.1	0.3	-0.3	0.3	-0.4	-0.0	-0.4
UKB_0359	0	43	0.2	0.3	0.3	0.5	0.2	0.3	0.0	0.4	0.1	0.4
UKB_0360	1	51	-0.3	-0.0	0.2	-0.3	-0.3	0.5	-0.1	-0.3	-0.2	-0.1
UKB_0361	1	42	0.1	0.4	0.5	0.2	0.2	-0.2	0.4	-0.3	-0.4	0.5
UKB_0362	1	42	0.4	-0.2	0.2	-0.0	-0.2	-0.2	-0.4	0.0	-0.1	0.0
UKB_0363	0	50	-0.3	0.4	0.1	0.4	-0.4	0.1	0.3	-0.2	-0.3	-0.2
UKB_0364	1	46	-0.2	-0.1	-0.2	-0.2	0.1	-0.4	-0.2	0.2	-0.3	-0.3
UKB_0365	0	57	-0.3	-0.5	-0.0	-0.5	-0.2	0.5	0.4	-0.3	-0.2	-0.0
UKB_0366	1	40	0.3	0.3	-0.4	-0.4	-0.1	0.4	0.4	-0.4	0.1	-0.3
UKB_0367	0	49	0.2	0.4	-0.0	-0.4	0.1	-0.1	0.3	-0.2	0.4	-0.2
UKB_0368	0	54	-0.3	-0.2	-0.5	-0.2	0.2	-0.4	-0.4	-0.4	-0.4	0.4
UKB_0369	0	69	0.4	-0.5	0.3	0.2	0.5	-0.2	-0.2	-0.0	0.4	0.2
UKB_0370	1	59	-0.0	-0.3	0.2	0.4	-0.1	0.2	-0.1	-0.0	0.0	0.3
UKB_0371	0	67	0.5	-0.1	-0.2	-0.1	-0.4	-0.2	-0.4	-0.1	-0.3	-0.2
UKB_0372	1	50	0.3	-0.3	0.1	0.4	0.1	-0.3	-0.2	0.1	0.0	-0.4
UKB_0373	0	53	-0.1	0.0	-0.2	0.1	-0.4	-0.2	0.3	-0.2	0.1	-0.1
UKB_0374	0	53	-0.2	0.4	-0.2	-0.3	0.4	0.2	0.2	-0.5	-0.4	0.1
UKB_0375	1	67	-0.3	-0.3	0.3	-0.2	-0.4	-0.5	-0.1	0.1	0.4	-0.4
UKB_0376	0	69	-0.3	0.0	-0.1	-0.0	0.4	0.0	-0.1	0.5	-0.4	0.4
UKB_0377	1	69	0.0	0.0	0.4	0.0	-0.1	-0.2	0.2	0.1	-0.3	0.2
UKB_0378	1	63	0.1	-0.1	-0.5	-0.1	-0.5	-0.4	-0.1	-0.4	-0.2	0.2
UKB_0379	0	55	-0.2	0.5	0.4	0.1	0.5	0.4	-0.2	0.2	-0.4	0.2
UKB_0380	0	56	-0.0	-0.5	-0.2	0.5	-0.2	-0.3	-0.3	-0.0	0.3	0.3
UKB_0381	0	70	-0.1	-0.3	-0.5	-0.0	0.3	0.2	-0.1	0.1	-0.1	0.1
UKB_0382	1	48	0.0	0.2	0.0	0.4	-0.1	-0.5	-0.3	0.0	0.0	0.1
UKB_0383	1	50	0.2	-0.2	0.2	0.2	-0.1	-0.1	-0.3	-0.1	0.3	0.4
UKB_0384	0	67	0.1	-0.2	0.2	0.2	-0.2	0.3	-0.4	-0.5	-0.4	-0.3
UKB_0385	0	51	0.4	-0.1	-0.2	-0.1	-0.1	-0.2	-0.4	0.2	-0.4	0.3
UKB_0386	0	47	-0.3	0.2	0.3	-0.4	-0.4	0.4	-0.0	0.1	-0.5	-0.2
UKB_0387	0	57	0.0	0.4	-0.2	0.3	0.2	-0.4	-0.2	-0.3	-0.1	0.1
UKB_0388	1	50	-0.1	-0.3	0.2	0.1	0.0	0.1	-0.3	0.2	-0.1	-0.1
UKB_0389	1	67	-0.4	0.1	0.1	-0.2	0.4	0.3	-0.4	0.2	-0.1	0.5
UKB_0390	0	68	-0.3	-0.2	-0.1	-0.2	0.2	-0.0	-0.3	0.0	0.4	0.3
UKB_0391	1	49	-0.0	-0.2	-0.3	0.4	0.2	0.1	0.4	-0.4	0.2	-0.3
UKB_0392	0	56	-0.4	-0.0	-0.1	0.4	-0.2	0.3	0.2	0.2	0.4	-0.1
UKB_0393	0	70	-0.1	-0.3	-0.2	0.4	-0.0	-0.2	-0.3	-0.0	0.2	-0.2
UKB_0394	1	63	0.3	0.1	0.3	-0.2	0.1	-0.3	-0.1	0.2	0.1	-0.3
UKB_0395	1	46	0.4	-0.4	0.1	0.5	0.0	0.3	0.1	0.3	0.2	0.2
UKB_0396	1	58	-0.3	0.2	-0.3	0.5	-0.3	-0.3	0.4	-0.3	-0.1	0.2
UKB_0397	0	59	-0.3	-0.3	-0.0	-0.3	-0.3	-0.5	-0.1	-0.2	-0.5	0.1
UKB_0398	0	60	0.1	-0.4	-0.2	0.4	0.1	-0.1	-0.0	-0.3	0.3	0.4
UKB_0399	0	40	0.4	-0.3	-0.2	-0.3	-0.2	-0.2	0.1	-0.3	0.4	-0.4
UKB_0400	0	49	-0.5	0.4	0.2	-0.1	0.1	-0.3	-0.3	-0.0	-0.1	0.1
UKB_0401	1	66	-0.3	0.2	0.3	-0.3	-0.5	-0.1	0.3	0.2	0.2	-0.1
UKB_0402	1	47	-0.3	0.0	-0.3	0.2	-0.3	-0.2	0.0	-0.0	0.1	-0.1
UKB_0403	0	49	0.4	0.3	0.4	0.1	0.1	0.1	-0.1	-0.2	0.1	-0.5
UKB_0404	1	49	-0.5	0.4	-0.5	0.0	0.1	-0.3	0.4	-0.3	0.4	0.3
UKB_0405	0	45	-0.3	-0.3	-0.2	-0.1	-0.3	0.5	-0.3	0.3	-0.3	0.5
UKB_0406	1	44	-0.3	-0.1	0.1	-0.4	0.3	-0.2	0.0	0.0	0.1	-0.4
UKB_0407	0	50	-0.3	-0.3	-0.2	-0.4	0.4	0.0	0.1	-0.1	-0.2	0.0
UKB_0408	0	67	-0.2	-0.2	-0.0	0.0	0.5	-0.3	-0.0	-0.4	-0.2	0.2
UKB_0409	1	40	-0.3	0.1	-0.1	-0.4	0.4	-0.1	0.3	-0.1	0.4	-0.2
UKB_0410	0	48	-0.1	0.3	-0.2	-0.1	0.5	0.1	0.2	0.1	0.3	0.4
UKB_0411	0	41	0.1	-0.2	-0.5	0.1	0.3	-0.0	-0.3	-0.2	0.0	0.3
UKB_0412	0	57	-0.3	0.1	0.3	0.4	-0.4	0.4	0.1	0.3	-0.4	0.0
UKB_0413	0	47	0.1	-0.2	-0.1	0.1	0.1	-0.5	-0.1	-0.3	0.4	0.5
UKB_0414	0	64	-0.2	-0.3	-0.3	-0.0	0.4	0.0	-0.4	-0.5	-0.3	0.3
UKB_0415	0	58	0.1	0.1	-0.2	0.4	-0.2	0.3	0.4	-0.0	0.4	-0.2
UKB_0416	1	64	0.2	-0.4	-0.0	-0.3	-0.4	-0.5	-0.2	0.1	-0.0	-0.2
UKB_0417	1	59	0.5	0.4	-0.4	-0.1	0.1	0.2	-0.1	0.2	-0.4	-0.2
UKB_0418	0	53	0.2	0.1	0.3	-0.5	-0.3	-0.5	-0.3	-0.5	0.0	0.0
UKB_0419	0	66	0.2	-0.1	-0.5	0.2	-0.4	0.4	-0.5	0.0	0.4	0.1
UKB_0420	1	54	0.1	0.2	-0.4	0.2	0.4	0.5	-0.1	-0.2	0.3	0.0
UKB_0421	1	69	-0.2	-0.3	-0.3	-0.0	-0.3	-0.5	-0.4	0.4	-0.4	-0.4
UKB_0422	1	70	-0.0	-0.3	0.5	0.4	-0.1	-0.1	-0.1	-0.5	-0.2	-0.4
UKB_0423	1	58	-0.4	0.1	-0.4	-0.4	-0.0	-0.1	-0.4	-0.5	-0.3	-0.3
UKB_0424	1	60	0.3	0.4	-0.1	-0.1	0.2	0.1	-0.3	-0.4	-0.1	0.1
UKB_0425	0	47	-0.4	-0.2	-0.2	-0.2	-0.0	0.2	0.0	-0.3	-0.4	0.3
UKB_0426	0	65	-0.0	-0.4	-0.2	0.3	0.3	0.4	0.1	-0.1	-0.1	-0.3
UKB_0427	1	60	0.2	0.1	-0.3	0.4	-0.1	-0.5	-0.2	0.4	0.4	-0.0
UKB_0428	1	67	0.5	0.4	0.3	0.4	-0.1	0.3	0.1	0.2	-0.3	0.2
UKB_0429	0	48	0.5	-0.2	0.5	-0.1	-0.3	-0.4	0.3	0.1	-0.2	0.1
UKB_0430	1	64	-0.2	-0.1	0.4	0.2	0.3	0.1	0.5	-0.3	-0.2	-0.4
UKB_0431	0	54	0.1	0.1	0.2	-0.2	-0.5	0.1	0.5	-0.2	-0.3	-0.2
UKB_0432	1	45	-0.1	-0.2	-0.2	0.1	-0.2	-0.1	-0.5	0.4	-0.1	-0.2
UKB_0433	1	45	-0.4	0.1	0.4	-0.5	-0.4	-0.4	0.1	0.4	-0.1	-0.2
UKB_0434	0	57	0.3	0.2	-0.3	-0.3	-0.1	0.3	0.2	0.2	0.3	-0.2
UKB_0435	0	49	-0.2	-0.5	0.4	0.1	-0.2	-0.4	0.2	0.2	0.2	-0.3
UKB_0436	0	43	0.4	0.3	0.2	0.2	0.4	0.4	0.1	-0.1	-0.1	0.3
UKB_0437	1	53	0.1	-0.4	-0.4	0.4	0.4	0.5	-0.1	0.3	0.3	-0.2
UKB_0438	1	60	-0.4	0.5	-0.5	0.1	0.2	0.2	-0.2	0.2	-0.3	0.3
UKB_0439	0	49	-0.3	0.2	0.3	-0.3	-0.3	0.3	-0.4	-0.3	-0.0	0.4
UKB_0440	0	69	0.1	-0.1	0.5	-0.0	-0.1	-0.1	-0.2	-0.2	0.2	-0.5
UKB_0441	1	64	0.2	-0.3	-0.1	-0.4	0.1	0.2	-0.1	-0.3	-0.3	0.3
UKB_0442	0	55	-0.2	0.3	-0.2	-0.3	0.2	-0.0	-0.5	0.5	-0.4	-0.1
UKB_0443	0	68	-0.1	-0.0	0.3	-0.5	0.4	0.1	0.5	0.3	0.4	0.1
UKB_0444	0	53	-0.1	-0.1	0.2	-0.1	0.2	-0.4	0.3	-0.3	0.4	-0.3
UKB_0445	1	44	-0.4	0.3	0.3	0.2	0.5	-0.2	0.3	-0.1	0.0	-0.1
UKB_0446	1	41	-0.5	0.1	0.2	-0.3	0.4	0.0	-0.3	0.1	-0.3	-0.4
UKB_0447	0	69	0.2	-0.4	-0.4	0.2	-0.4	0.3	0.3	-0.4	0.0	-0.4
UKB_0448	1	69	0.1	-0.4	0.4	-0.3	0.2	-0.4	-0.3	-0.0	0.1	0.5
UKB_0449	1	62	-0.5	-0.5	-0.1	-0.1	0.4	0.4	0.4	-0.4	-0.1	0.2
UKB_0450	0	43	-0.2	0.2	-0.3	-0.2	0.4	-0.2	0.5	-0.2	-0.5	-0.2
UKB_0451	1	49	-0.3	0.0	-0.4	0.1	0.4	-0.1	-0.3	-0.1	0.3	0.1
UKB_0452	1	41	-0.4	0.0	-0.0	-0.2	-0.4	0.5	-0.3	-0.3	-0.4	0.1
UKB_0453	0	41	-0.1	-0.3	-0.1	0.2	-0.2	0.4	-0.2	-0.3	0.5	0.3
UKB_0454	0	47	-0.2	0.3	0.0	-0.2	0.3	0.3	-0.2	0.1	-0.1	-0.5
UKB_0455	1	57	0.5	0.0	0.1	0.1	0.1	-0.2	0.5	0.1	0.2	-0.0
UKB_0456	1	42	-0.2	-0.4	-0.1	-0.3	0.2	0.4	-0.2	-0.2	0.2	-0.4
UKB_0457	0	70	0.4	-0.1	-0.4	-0.3	0.4	-0.3	0.2	-0.3	-0.3	0.4
UKB_0458	1	54	-0.4	-0.5	0.0	0.4	-0.2	-0.4	0.5	0.2	0.4	0.3
UKB_0459	1	48	0.2	-0.1	-0.2	0.2	0.2	0.5	0.1	-0.2	-0.0	0.1
UKB_0460	0	55	-0.1	0.3	0.1	-0.5	0.1	0.1	0.4	-0.1	0.1	-0.0
UKB_0461	1	64	0.0	-0.4	0.4	0.4	0.0	0.1	-0.4	0.1	-0.1	0.2
UKB_0462	0	49	-0.5	0.2	-0.2	0.2	0.1	-0.3	-0.1	0.3	0.1	-0.4
UKB_0463	1	41	-0.1	-0.2	0.1	0.1	-0.5	0.1	0.2	0.3	-0.4	-0.2
UKB_0464	0	41	-0.1	-0.3	-0.1	-0.4	-0.4	0.2	-0.2	0.2	-0.5	0.1
UKB_0465	0	66	-0.1	0.3	0.3	-0.1	0.1	-0.3	0.1	-0.4	-0.1	-0.3
UKB_0466	1	43	0.4	-0.1	0.1	-0.1	-0.2	-0.3	0.4	0.3	-0.4	0.2
UKB_0467	0	59	-0.1	-0.5	0.0	-0.4	-0.3	0.2	-0.2	0.4	0.2	0.3
UKB_0468	1	51	0.1	0.4	-0.1	0.0	0.0	0.4	-0.3	0.1	0.3	-0.1
UKB_0469	0	64	0.4	-0.1	-0.3	0.1	-0.1	-0.5	-0.4	-0.3	0.3	0.4
UKB_0470	1	41	0.0	-0.4	0.0	0.4	0.2	-0.2	-0.4	0.4	0.4	-0.4
UKB_0471	1	67	0.3	-0.4	-0.4	0.3	0.0	-0.1	0.4	0.3	-0.4	0.1
UKB_0472	1	61	0.3	0.1	0.5	0.2	-0.4	-0.3	0.3	0.5	-0.4	-0.4
UKB_0473	0	53	0.3	-0.4	-0.4	0.4	0.3	0.4	0.2	-0.2	0.4	-0.2
UKB_0474	0	46	-0.2	0.4	0.2	0.4	-0.3	0.5	0.1	0.2	0.4	-0.1
UKB_0475	1	70	0.2	0.1	0.3	0.4	0.2	-0.4	-0.3	0.5	0.5	0.5
UKB_0476	1	49	-0.5	-0.1	0.3	0.3	-0.4	0.1	-0.4	-0.0	-0.3	-0.4
UKB_0477	1	55	-0.4	0.4	0.2	0.4	-0.0	-0.1	-0.1	0.1	-0.1	0.2
UKB_0478	0	52	0.3	0.4	-0.3	0.0	-0.3	-0.5	0.2	0.0	0.2	-0.4
UKB_0479	1	47	0.5	0.5	-0.0	0.4	-0.3	0.2	0.4	0.3	0.3	-0.0
UKB_0480	0	52	0.3	0.2	-0.4	-0.4	0.3	0.1	0.0	0.4	0.2	-0.1
UKB_0481	0	44	-0.1	0.1	0.3	0.1	0.0	0.2	0.2	0.3	-0.4	0.3
UKB_0482	1	40	0.0	-0.4	0.2	0.2	0.0	0.3	-0.2	-0.3	-0.1	-0.1
UKB_0483	0	48	0.2	0.3	0.2	-0.3	-0.1	-0.3	0.2	-0.3	0.0	0.3
UKB_0484	1	43	0.2	-0.2	-0.2	0.2	0.0	-0.4	0.4	0.0	-0.0	-0.3
UKB_0485	0	52	-0.1	-0.2	-0.2	0.1	-0.0	0.4	0.4	-0.3	-0.4	0.3
UKB_0486	0	66	0.5	0.4	-0.5	-0.2	-0.5	0.3	0.1	0.0	0.1	-0.2
UKB_0487	0	45	0.1	-0.5	0.1	0.2	0.2	-0.2	0.3	0.2	-0.4	-0.3
UKB_0488	1	40	0.1	-0.2	-0.4	-0.3	-0.3	-0.0	0.1	-0.3	0.2	-0.2
UKB_0489	1	43	-0.2	-0.3	0.3	0.5	-0.0	-0.5	-0.2	-0.3	0.3	-0.4
UKB_0490	1	55	0.5	0.1	0.0	0.3	-0.5	0.3	-0.4	0.3	0.0	-0.4
UKB_0491	1	48	0.3	-0.5	-0.4	0.3	-0.0	0.4	0.1	0.1	-0.2	-0.4
UKB_0492	1	55	0.5	-0.4	0.0	-0.2	-0.2	0.1	0.3	0.3	0.4	-0.2
UKB_0493	1	40	-0.0	-0.5	0.2	-0.2	0.1	-0.3	0.3	0.3	0.4	-0.5
UKB_0494	1	50	0.5	-0.3	-0.2	-0.3	-0.2	0.1	-0.3	-0.1	0.2	0.3
UKB_0495	0	52	0.2	0.1	-0.4	0.3	-0.5	-0.2	-0.4	0.2	-0.1	0.2
UKB_0496	0	53	-0.2	-0.0	-0.0	-0.5	-0.1	0.1	0.0	-0.4	0.2	-0.2
UKB_0497	0	57	-0.5	-0.3	-0.0	-0.2	0.2	-0.3	0.3	-0.2	0.1	0.3
UKB_0498	0	64	-0.1	-0.5	0.0	0.5	0.5	-0.3	0.3	-0.2	-0.3	0.2
UKB_0499	1	54	0.0	0.0	0.3	-0.2	0.2	-0.1	-0.5	-0.1	0.5	-0.0
UKB_0500	0	66	-0.4	0.2	0.5	0.4	0.1	-0.1	0.1	0.3	0.4	0.3
UKB_0501	0	56	-0.0	-0.4	0.1	-0.3	-0.4	-0.0	0.2	0.4	0.3	0.4
UKB_0502	1	48	0.3	0.2	-0.5	0.1	-0.4	-0.4	-0.3	0.3	0.2	0.4
UKB_0503	1	47	0.5	0.4	-0.4	0.4	0.3	0.4	-0.3	-0.4	0.4	-0.3
UKB_0504	1	49	-0.1	-0.0	-0.4	-0.5	0.5	0.4	0.4	-0.2	-0.3	-0.1
UKB_0505	0	58	-0.0	-0.5	0.3	0.5	0.0	-0.1	-0.1	-0.4	-0.2	0.0
UKB_0506	0	47	-0.1	0.0	0.3	-0.3	-0.5	-0.5	-0.4	0.1	0.3	0.4
UKB_0507	1	68	0.1	-0.1	-0.3	-0.1	-0.2	0.4	-0.0	-0.3	-0.2	-0.4
UKB_0508	0	54	0.4	-0.4	-0.5	-0.3	0.3	0.0	0.1	-0.1	-0.4	0.4
UKB_0509	0	66	-0.3	-0.5	0.1	-0.4	-0.4	0.3	-0.0	-0.3	-0.2	0.2
UKB_0510	0	61	-0.4	-0.4	0.1	0.1	0.5	-0.1	-0.4	0.0	0.1	-0.4
UKB_0511	1	50	0.1	-0.3	0.3	0.3	-0.1	0.5	0.5	-0.4	-0.1	0.1
UKB_0512	1	47	-0.4	-0.1	-0.2	0.5	-0.1	0.3	-0.1	-0.4	0.4	-0.5
UKB_0513	1	63	-0.4	-0.1	0.2	-0.2	-0.4	-0.2	-0.3	-0.5	0.0	-0.4
UKB_0514	1	50	-0.2	0.1	0.2	-0.2	-0.2	-0.3	0.5	-0.3	-0.3	-0.1
UKB_0515	1	47	-0.3	-0.3	-0.4	0.1	0.1	0.2	0.3	-0.2	0.4	0.2
UKB_0516	0	68	0.3	0.2	-0.1	-0.2	-0.1	-0.4	-0.0	-0.5	-0.5	0.4
UKB_0517	1	54	0.2	0.1	-0.2	0.1	0.4	0.2	0.1	-0.0	-0.2	0.2
UKB_0518	0	41	0.5	-0.1	-0.1	-0.1	-0.1	0.5	0.2	-0.1	-0.1	-0.1
UKB_0519	0	55	-0.5	0.0	0.3	0.2	-0.3	0.2	0.2	-0.2	0.1	0.1
UKB_0520	1	54	0.3	-0.4	-0.3	-0.0	-0.5	-0.1	0.3	-0.4	-0.0	0.5
UKB_0521	0	66	0.0	-0.0	0.1	-0.3	-0.4	0.2	-0.1	-0.2	-0.5	0.3
UKB_0522	0	62	-0.5	0.2	-0.1	0.1	-0.3	-0.3	0.0	0.2	-0.3	-0.1
UKB_0523	0	45	-0.1	-0.3	0.1	-0.4	0.0	-0.4	-0.0	-0.2	-0.0	-0.1
UKB_0524	1	44	0.4	-0.0	0.3	-0.3	-0.1	-0.4	-0.1	0.2	0.3	0.1
UKB_0525	0	58	0.1	-0.3	-0.5	0.3	-0.3	-0.4	0.4	0.5	0.1	-0.1
UKB_0526	0	41	0.3	-0.3	-0.1	-0.1	0.4	0.4	0.2	-0.4	-0.0	-0.3
UKB_0527	1	49	0.4	-0.4	-0.4	0.2	-0.0	0.3	-0.4	0.3	-0.5	-0.5
UKB_0528	0	44	-0.0	-0.3	0.1	-0.5	-0.5	0.2	-0.3	0.2	0.2	-0.4
UKB_0529	1	40	0.3	-0.2	-0.1	-0.4	0.3	0.1	0.0	0.5	-0.2	0.4
UKB_0530	1	68	0.2	0.4	0.4	0.5	-0.4	0.3	0.3	0.1	-0.2	0.5
UKB_0531	1	42	-0.3	-0.0	0.0	-0.3	0.2	-0.4	0.2	0.3	-0.2	0.2
UKB_0532	0	40	-0.3	0.3	0.5	-0.3	0.2	0.0	0.0	0.2	-0.0	0.1
UKB_0533	0	68	-0.3	-0.1	0.4	-0.4	0.1	-0.3	0.3	0.1	-0.1	-0.3
UKB_0534	0	45	-0.1	0.5	0.0	-0.0	0.2	-0.1	-0.1	-0.2	-0.3	0.2
UKB_0535	1	65	0.4	0.4	0.4	-0.0	-0.2	0.1	0.5	0.2	-0.0	0.2
UKB_0536	0	40	0.3	0.4	0.3	-0.1	-0.2	-0.0	-0.2	0.4	0.0	-0.0
UKB_0537	0	44	-0.2	0.1	0.0	-0.4	0.4	-0.1	-0.1	-0.3	0.1	0.2
UKB_0538	0	43	0.4	-0.4	0.5	0.2	-0.2	-0.3	-0.2	0.4	-0.2	-0.0
UKB_0539	1	61	0.2	0.4	0.2	0.3	-0.3	0.4	-0.2	-0.4	0.5	-0.3
UKB_0540	0	59	-0.4	0.1	-0.2	-0.4	0.1	0.3	0.3	-0.3	0.1	0.3
UKB_0541	1	54	-0.3	-0.3	-0.5	0.0	-0.3	0.2	0.5	-0.3	0.1	-0.3
UKB_0542	0	47	-0.5	0.3	-0.1	0.4	0.0	-0.3	-0.1	-0.3	0.4	0.2
UKB_0543	0	42	-0.2	0.0	0.2	0.3	-0.4	-0.5	-0.4	-0.1	-0.0	-0.4
UKB_0544	0	57	-0.1	-0.1	-0.4	0.4	0.1	-0.1	0.0	-0.2	0.4	0.1
UKB_0545	1	47	-0.0	0.4	0.3	0.3	-0.3	-0.3	0.2	-0.0	0.2	0.3
UKB_0546	0	58	-0.2	-0.2	-0.0	-0.2	0.2	0.2	-0.0	0.2	0.0	0.2
UKB_0547	0	61	-0.3	0.2	0.2	-0.2	0.1	0.4	-0.3	0.2	0.5	0.4
UKB_0548	1	66	-0.1	0.1	0.5	0.1	-0.4	-0.5	0.3	-0.1	-0.3	-0.2
UKB_0549	1	55	0.3	-0.0	0.4	0.2	0.5	0.4	-0.2	0.2	-0.5	0.5
UKB_0550	1	40	-0.2	0.2	0.3	-0.3	0.3	-0.5	-0.1	-0.0	-0.1	0.1
UKB_0551	1	48	0.4	-0.2	0.1	0.4	0.3	-0.5	0.4	-0.5	0.1	0.1
UKB_0552	0	66	0.3	-0.4	-0.3	0.3	-0.4	-0.0	0.2	0.2	-0.3	-0.2
UKB_0553	1	56	0.5	-0.1	-0.5	-0.3	-0.2	0.5	-0.2	-0.5	0.0	-0.4
UKB_0554	0	59	-0.2	0.5	0.2	-0.4	-0.1	-0.3	-0.4	0.1	0.0	0.2
UKB_0555	1	54	0.4	-0.3	0.4	0.0	-0.2	0.3	-0.5	0.1	0.2	-0.2
UKB_0556	1	45	0.4	-0.3	0.3	-0.4	-0.3	-0.1	0.4	-0.4	0.4	-0.3
UKB_0557	1	67	-0.0	-0.1	-0.4	0.4	-0.1	0.2	0.1	0.0	0.1	0.4
UKB_0558	1	63	0.2	0.0	0.1	0.1	-0.1	0.1	-0.1	0.3	0.5	0.5
UKB_0559	1	70	0.3	0.1	0.2	-0.3	-0.0	-0.2	-0.5	0.5	0.4	0.0
UKB_0560	1	66	-0.2	0.2	-0.1	0.3	0.5	-0.2	-0.3	-0.2	-0.4	-0.1
UKB_0561	1	49	-0.5	-0.4	-0.2	-0.3	0.2	-0.4	0.4	-0.3	-0.4	-0.5
UKB_0562	0	47	0.2	-0.2	0.0	-0.4	0.5	-0.4	-0.1	0.4	-0.3	-0.2
UKB_0563	0	47	0.3	-0.2	-0.5	-0.1	-0.5	0.4	0.1	0.1	-0.3	0.2
UKB_0564	0	68	0.2	-0.4	0.4	0.1	0.3	-0.2	-0.4	0.2	0.3	-0.1
UKB_0565	1	57	-0.5	0.3	-0.3	-0.2	0.1	-0.4	-0.4	-0.5	0.4	-0.2
UKB_0566	0	54	0.2	0.5	0.2	0.0	0.0	-0.1	0.1	0.5	0.3	-0.1
UKB_0567	0	70	-0.2	0.4	-0.4	0.3	-0.2	0.2	0.3	-0.0	-0.3	0.3
UKB_0568	0	58	-0.1	-0.2	0.0	-0.1	0.2	-0.4	-0.1	0.4	-0.5	-0.0
UKB_0569	1	68	0.2	0.4	0.1	0.3	-0.3	-0.1	0.4	0.4	0.1	-0.0
UKB_0570	1	70	-0.0	-0.4	0.4	0.3	-0.0	-0.2	-0.2	-0.4	0.2	0.1
UKB_0571	1	42	-0.3	0.1	0.5	-0.4	-0.0	-0.0	-0.3	0.0	0.1	-0.3
UKB_0572	0	51	-0.3	0.4	-0.2	0.1	0.1	0.3	0.2	0.3	0.1	-0.1
UKB_0573	0	62	-0.1	-0.1	-0.1	-0.4	-0.1	-0.1	-0.5	-0.2	0.3	0.1
UKB_0574	0	65	0.3	0.0	0.4	0.3	-0.4	0.5	-0.5	0.1	0.3	-0.2
UKB_0575	0	44	0.1	-0.1	-0.4	-0.5	-0.4	-0.4	0.1	0.0	-0.0	0.2
UKB_0576	0	49	-0.5	-0.2	0.3	0.4	-0.1	-0.4	0.3	0.4	-0.1	-0.3
UKB_0577	1	56	-0.5	0.1	0.4	0.2	-0.2	0.1	0.3	-0.0	0.3	-0.1
UKB_0578	1	64	-0.2	0.1	-0.0	0.5	0.0	-0.1	-0.1	0.0	-0.1	0.2
UKB_0579	1	43	-0.1	-0.1	0.1	-0.4	0.2	0.0	-0.0	0.2	0.3	0.3
UKB_0580	0	58	-0.1	-0.2	0.2	0.1	0.1	0.1	0.3	-0.3	0.1	-0.3
UKB_0581	0	49	-0.1	0.2	-0.0	-0.1	0.4	0.3	0.0	0.5	-0.1	0.3
UKB_0582	1	46	-0.3	-0.2	-0.2	-0.4	0.0	-0.3	0.1	-0.3	-0.4	0.5
UKB_0583	0	55	0.2	0.4	-0.0	-0.5	0.1	0.1	-0.5	0.4	0.1	0.2
UKB_0584	0	52	-0.0	0.1	-0.2	0.5	-0.1	-0.3	-0.4	0.1	0.5	0.4
UKB_0585	0	59	0.2	0.5	0.2	-0.2	0.1	-0.4	-0.3	-0.1	-0.3	0.5
UKB_0586	1	49	0.5	-0.1	0.2	-0.1	-0.4	-0.2	-0.3	-0.2	-0.3	-0.4
UKB_0587	1	65	-0.3	0.4	-0.4	-0.2	0.0	-0.1	0.0	-0.5	0.1	0.1
UKB_0588	0	42	0.2	0.1	-0.1	-0.1	-0.3	0.0	-0.5	-0.2	0.2	-0.4
UKB_0589	1	66	-0.4	0.2	-0.1	0.3	0.4	0.5	-0.1	-0.2	0.1	0.1
UKB_0590	1	40	0.1	-0.2	-0.4	-0.3	-0.3	-0.4	0.4	-0.5	0.1	0.4
UKB_0591	1	62	-0.1	0.0	0.2	-0.2	-0.0	0.3	0.2	0.3	0.5	-0.1
UKB_0592	1	50	0.2	0.1	0.2	0.2	0.2	0.4	-0.2	0.2	-0.2	0.1
UKB_0593	0	51	0.3	0.3	-0.1	0.0	-0.2	-0.3	-0.2	0.4	-0.2	0.5
UKB_0594	1	40	-0.3	0.2	0.1	0.2	0.1	0.2	0.4	0.1	-0.4	-0.2
UKB_0595	0	61	0.2	-0.0	0.0	0.1	-0.1	0.3	0.2	0.2	0.2	0.4
UKB_0596	1	45	0.1	0.5	-0.4	0.1	0.2	-0.0	-0.2	0.1	-0.1	0.4
UKB_0597	1	60	-0.1	-0.3	0.1	-0.1	-0.4	0.1	0.0	-0.3	0.1	0.1
UKB_0598	1	62	0.3	-0.1	-0.3	0.5	0.1	-0.5	0.3	-0.3	0.3	0.2
UKB_0599	1	66	0.5	0.5	-0.2	0.3	-0.2	0.1	0.1	-0.4	-0.5	-0.4
UKB_0600	1	61	-0.4	-0.2	0.4	0.0	0.3	0.3	0.2	-0.1	0.4	0.2
UKB_0601	1	49	0.2	0.4	0.1	0.0	0.4	-0.0	0.3	-0.4	-0.5	0.0
UKB_0602	1	62	-0.4	0.5	-0.5	0.2	-0.3	0.5	-0.1	-0.5	-0.5	0.1
UKB_0603	1	65	0.5	0.5	-0.2	-0.0	-0.4	0.0	0.1	-0.2	0.1	0.4
UKB_0604	0	49	-0.5	-0.3	-0.3	-0.4	-0.3	0.1	-0.4	0.2	0.4	0.4
UKB_0605	1	43	0.2	-0.3	-0.4	-0.3	0.5	0.5	-0.1	-0.2	0.0	-0.2
UKB_0606	1	67	0.5	-0.3	-0.1	-0.1	-0.4	-0.1	0.4	-0.4	0.1	-0.1
UKB_0607	0	44	-0.3	-0.5	-0.2	-0.4	-0.1	0.3	0.2	0.4	-0.1	0.2
UKB_0608	1	58	0.2	-0.3	-0.2	0.0	0.3	-0.0	-0.3	0.5	-0.4	0.5
UKB_0609	1	47	0.3	0.3	0.3	-0.3	0.1	0.3	0.2	-0.2	-0.3	-0.2
UKB_0610	1	43	-0.0	0.1	0.3	0.3	0.2	-0.2	-0.0	-0.2	-0.3	-0.5
UKB_0611	1	64	-0.2	-0.2	0.1	-0.4	-0.2	-0.5	0.1	0.1	-0.2	-0.4
UKB_0612	0	44	0.5	0.1	0.2	0.0	0.3	0.4	-0.1	0.2	-0.3	0.2
UKB_0613	1	60	-0.1	-0.5	0.5	0.4	-0.2	0.5	-0.2	-0.0	0.4	-0.2
UKB_0614	0	61	-0.0	0.2	-0.4	-0.1	-0.2	0.2	-0.4	-0.3	0.2	-0.3
UKB_0615	1	41	-0.1	0.2	0.3	-0.4	0.4	0.2	-0.2	0.3	0.2	0.1
UKB_0616	1	45	0.1	0.2	0.5	0.1	0.3	0.2	0.4	0.5	-0.3	-0.3
UKB_0617	0	64	0.1	-0.1	0.1	0.3	0.4	-0.1	0.2	-0.3	0.0	-0.5
UKB_0618	0	55	0.0	0.0	0.2	0.1	-0.1	-0.5	-0.4	0.5	0.4	-0.2
UKB_0619	0	43	-0.2	-0.1	0.2	-0.1	-0.4	-0.1	-0.2	-0.2	-0.3	0.2
UKB_0620	0	70	0.0	-0.2	0.1	-0.0	0.3	0.5	-0.4	0.4	0.2	0.2
UKB_0621	0	48	-0.1	-0.2	-0.5	0.5	0.1	-0.1	0.0	-0.5	-0.3	0.1
UKB_0622	0	40	0.0	0.3	0.2	0.1	0.3	-0.4	0.2	0.2	-0.2	-0.3
UKB_0623	0	68	-0.3	-0.3	0.0	-0.4	0.2	-0.4	-0.5	-0.2	-0.3	0.5
UKB_0624	0	40	-0.2	-0.3	-0.3	-0.1	0.1	0.3	-0.1	0.1	-0.0	0.3
UKB_0625	1	57	0.1	-0.2	0.2	0.3	-0.0	0.5	0.4	-0.3	0.3	0.1
UKB_0626	0	70	0.0	0.0	0.4	0.1	0.0	-0.5	-0.1	0.4	0.2	-0.4
UKB_0627	0	57	0.4	0.3	0.0	-0.5	0.1	-0.4	-0.2	0.1	0.4	-0.1
UKB_0628	0	58	0.4	0.4	-0.5	-0.3	0.2	0.3	-0.1	0.2	0.1	0.2
UKB_0629	1	52	0.2	-0.4	-0.3	-0.4	0.4	0.4	0.3	-0.4	0.1	-0.3
UKB_0630	0	43	-0.1	-0.2	0.3	-0.4	0.1	0.5	0.2	-0.4	0.4	0.1
UKB_0631	1	57	-0.0	0.2	0.4	-0.0	0.0	-0.0	-0.4	0.3	-0.4	-0.1
UKB_0632	0	67	-0.1	-0.2	-0.1	0.1	-0.2	-0.3	0.4	0.5	-0.0	-0.2
UKB_0633	0	42	-0.5	-0.5	-0.1	0.4	0.2	-0.2	0.5	-0.1	-0.2	-0.1
UKB_0634	0	67	-0.3	0.4	-0.1	0.2	-0.1	0.4	0.1	-0.0	-0.4	0.4
UKB_0635	0	52	0.0	-0.2	0.4	-0.4	-0.2	0.0	-0.2	-0.0	-0.2	-0.4
UKB_0636	1	56	-0.5	-0.3	0.5	0.1	-0.0	-0.1	0.2	-0.4	-0.2	0.2
UKB_0637	0	45	-0.0	0.3	0.4	0.3	-0.3	-0.4	-0.3	0.3	0.4	0.4
UKB_0638	0	59	-0.2	0.3	0.0	0.3	0.0	-0.4	-0.4	0.5	-0.1	-0.1
UKB_0639	1	45	-0.1	-0.1	0.4	-0.4	-0.4	0.3	0.0	-0.4	-0.5	-0.3
UKB_0640	1	48	-0.2	-0.5	-0.3	0.2	0.4	0.4	-0.1	-0.2	0.5	0.3
UKB_0641	1	62	0.0	-0.2	-0.2	0.0	0.0	-0.5	0.5	0.1	0.1	-0.3
UKB_0642	1	41	0.3	0.2	-0.4	0.1	0.2	0.3	-0.3	0.4	-0.0	-0.4
UKB_0643	1	53	-0.4	-0.3	-0.2	-0.0	0.2	-0.3	0.5	-0.3	0.1	0.4
UKB_0644	0	58	0.3	0.1	0.2	-0.4	-0.5	-0.1	-0.4	-0.1	-0.3	0.4
UKB_0645	1	44	0.4	0.3	0.2	-0.3	-0.5	0.2	0.1	-0.1	-0.0	-0.0
UKB_0646	0	49	-0.3	-0.2	-0.1	0.1	0.5	0.0	0.2	0.3	-0.4	0.2
UKB_0647	0	50	-0.0	0.1	-0.5	0.4	0.5	-0.5	-0.3	-0.3	0.3	0.1
UKB_0648	1	60	-0.3	0.3	-0.1	-0.0	-0.1	0.0	-0.0	-0.2	-0.1	0.4
UKB_0649	1	70	0.0	0.4	0.1	0.3	-0.2	0.3	-0.2	-0.5	-0.3	-0.5
UKB_0650	1	65	0.4	0.5	0.3	-0.4	0.4	0.2	-0.2	0.0	0.2	-0.5
UKB_0651	0	45	0.0	0.2	-0.3	-0.1	0.0	0.2	0.5	0.3	0.1	0.1
UKB_0652	1	40	0.1	0.0	-0.4	0.2	0.2	0.0	0.4	0.2	-0.1	-0.5
UKB_0653	0	41	-0.4	-0.1	-0.0	-0.3	-0.3	-0.3	0.3	0.3	-0.1	-0.3
UKB_0654	1	58	-0.4	-0.4	-0.1	-0.5	-0.2	0.5	0.0	0.3	-0.4	-0.2
UKB_0655	1	44	0.4	-0.1	0.1	0.5	0.1	-0.2	0.0	-0.4	-0.4	-0.5
UKB_0656	1	47	0.4	0.2	-0.2	-0.3	0.2	0.4	-0.2	-0.2	0.4	0.4
UKB_0657	1	66	0.4	-0.2	-0.4	-0.1	-0.2	0.4	-0.5	0.1	0.4	0.5
UKB_0658	1	67	0.2	0.4	-0.4	-0.1	-0.5	0.5	0.4	-0.5	-0.5	-0.1
UKB_0659	0	66	-0.2	0.3	-0.3	0.3	0.1	-0.1	-0.4	0.5	0.1	-0.1
UKB_0660	0	47	-0.1	0.4	0.3	0.3	0.1	0.4	-0.2	0.2	-0.1	0.1
UKB_0661	0	59	0.5	0.5	0.0	0.1	0.4	0.5	0.3	-0.4	-0.2	0.4
UKB_0662	1	58	0.3	0.2	0.2	-0.1	-0.1	0.3	-0.2	0.2	0.2	0.3
UKB_0663	0	45	-0.2	0.2	-0.4	-0.4	-0.1	-0.4	0.4	0.4	-0.5	0.3
UKB_0664	0	57	0.0	0.2	0.4	0.1	-0.4	-0.5	-0.0	0.4	0.1	-0.1
UKB_0665	1	56	-0.5	0.4	-0.2	0.2	0.2	-0.2	-0.4	-0.1	-0.2	0.2
UKB_0666	1	52	0.3	-0.3	0.0	-0.5	-0.3	0.3	0.3	0.3	-0.4	0.1
UKB_0667	1	63	-0.1	0.5	0.2	0.4	-0.4	-0.0	0.3	-0.1	0.1	0.0
UKB_0668	1	61	0.5	-0.3	0.4	-0.1	-0.0	0.0	-0.2	0.5	0.4	0.5
UKB_0669	1	56	0.5	0.2	-0.0	0.4	-0.5	0.3	-0.0	0.2	-0.1	-0.1
UKB_0670	0	62	-0.5	-0.1	-0.1	-0.3	-0.3	0.1	-0.2	0.3	-0.4	0.1
UKB_0671	1	63	-0.3	0.0	0.1	0.1	-0.1	0.0	-0.3	-0.0	-0.1	0.2
UKB_0672	1	57	-0.1	0.3	-0.1	-0.3	-0.2	-0.5	0.0	0.3	0.3	-0.1
UKB_0673	1	48	-0.3	0.4	-0.4	-0.1	0.4	-0.1	-0.4	-0.2	0.1	-0.3
UKB_0674	0	63	0.2	-0.1	-0.2	-0.3	0.3	-0.1	0.2	-0.1	-0.4	-0.1
UKB_0675	1	62	0.0	-0.0	0.3	0.4	0.3	0.1	0.0	0.1	-0.2	0.3
UKB_0676	1	70	0.4	-0.2	0.4	0.3	-0.1	0.4	-0.4	-0.5	-0.2	0.1
UKB_0677	1	44	-0.1	0.4	-0.2	-0.2	0.1	-0.5	0.2	-0.1	0.5	0.2
UKB_0678	0	52	-0.4	-0.4	-0.4	0.5	0.2	-0.1	-0.3	0.4	-0.3	0.2
UKB_0679	1	68	0.3	-0.2	0.0	-0.3	-0.1	0.5	0.2	0.3	0.0	-0.3
UKB_0680	1	55	0.2	0.0	-0.3	-0.1	0.1	0.2	-0.3	0.4	-0.1	-0.2
UKB_0681	1	69	-0.3	0.3	-0.1	-0.0	-0.3	0.2	0.3	-0.2	0.4	-0.5
UKB_0682	0	40	-0.4	0.1	0.2	-0.2	0.1	-0.2	0.1	0.2	0.5	-0.0
UKB_0683	1	41	0.1	0.1	-0.2	-0.2	0.5	-0.3	0.3	-0.4	0.3	-0.3
UKB_0684	1	64	0.5	0.2	-0.4	0.2	0.1	-0.2	-0.2	0.2	0.2	-0.2
UKB_0685	0	51	0.4	-0.2	-0.4	0.1	-0.4	-0.2	0.0	-0.2	-0.3	0.2
UKB_0686	1	56	0.0	0.3	0.1	-0.0	-0.2	0.3	-0.3	-0.3	0.3	0.2
UKB_0687	0	53	0.1	-0.5	-0.4	-0.0	0.2	-0.0	-0.5	-0.3	0.1	0.2
UKB_0688	1	52	-0.5	-0.5	-0.2	-0.4	0.0	-0.4	0.1	0.3	0.5	0.4
UKB_0689	0	69	-0.2	-0.5	-0.2	0.2	-0.4	-0.1	-0.2	-0.3	0.2	0.2
UKB_0690	1	42	0.0	0.4	-0.4	-0.4	-0.1	0.2	0.1	-0.4	0.5	-0.2
UKB_0691	1	63	-0.1	0.1	0.4	0.2	0.5	-0.3	0.1	0.3	0.0	-0.1
UKB_0692	1	67	0.5	-0.4	-0.1	0.4	0.4	0.5	0.4	-0.4	0.4	-0.1
UKB_0693	1	60	0.2	-0.1	0.3	0.1	0.3	-0.3	-0.3	-0.1	-0.5	0.2
UKB_0694	1	52	-0.2	0.1	-0.4	-0.3	0.1	-0.2	-0.3	-0.3	-0.3	0.1
UKB_0695	0	44	-0.3	-0.1	0.2	0.0	0.1	-0.2	0.4	-0.1	-0.2	0.4
UKB_0696	0	61	0.2	0.1	0.4	-0.4	0.3	0.2	-0.1	-0.2	-0.4	0.4
UKB_0697	1	54	-0.4	-0.2	0.2	0.2	-0.3	0.3	0.0	0.3	-0.4	-0.5
UKB_0698	1	44	0.1	-0.3	0.0	-0.5	0.3	0.4	0.3	0.5	0.4	-0.1
UKB_0699	0	51	-0.1	0.4	0.4	0.5	0.3	-0.3	0.4	0.4	0.2	0.4
UKB_0700	0	69	0.1	0.4	-0.4	0.4	-0.4	-0.2	-0.4	-0.0	-0.3	0.5
UKB_0701	1	48	0.1	0.4	-0.2	-0.5	0.3	0.2	0.0	0.3	0.3	0.1
UKB_0702	1	45	0.5	0.2	0.2	-0.1	-0.5	-0.3	0.3	0.2	-0.2	0.1
UKB_0703	0	61	-0.3	-0.2	0.4	-0.1	-0.3	-0.0	-0.1	0.2	0.5	0.1
UKB_0704	0	46	0.1	-0.1	0.1	-0.2	-0.5	0.4	-0.1	-0.0	-0.4	0.3
UKB_0705	0	68	-0.3	-0.1	0.3	-0.0	0.4	-0.3	0.2	0.5	0.0	0.2
UKB_0706	1	66	-0.1	0.3	0.4	0.2	0.4	0.1	0.1	-0.2	0.2	0.4
UKB_0707	0	70	0.1	-0.3	0.0	0.3	0.4	-0.3	-0.4	-0.1	-0.4	0.5
UKB_0708	1	68	-0.1	0.0	-0.3	-0.1	0.5	-0.0	-0.5	-0.3	0.5	0.5
UKB_0709	0	47	-0.3	0.1	-0.4	0.1	-0.4	0.3	0.4	-0.3	-0.0	-0.4
UKB_0710	0	46	-0.2	-0.4	-0.2	0.5	-0.5	0.4	-0.4	0.0	-0.0	0.4
UKB_0711	1	50	-0.3	-0.3	0.2	0.2	0.2	-0.5	-0.2	0.3	0.1	0.1
UKB_0712	1	54	-0.2	-0.2	0.4	0.2	-0.4	0.4	0.1	-0.2	-0.1	0.2
UKB_0713	1	67	-0.1	0.1	0.2	-0.3	0.4	-0.1	-0.1	0.2	0.1	-0.1
UKB_0714	1	62	0.1	0.4	0.3	0.3	-0.2	-0.1	0.1	-0.5	0.3	-0.2
UKB_0715	1	59	-0.2	-0.2	-0.2	-0.2	0.1	0.1	-0.2	-0.3	0.3	-0.4
UKB_0716	1	67	0.0	0.0	0.1	0.4	0.1	0.5	0.4	-0.3	-0.3	-0.2
UKB_0717	1	60	-0.1	0.1	-0.3	-0.3	-0.1	0.2	0.2	0.5	-0.3	-0.1
UKB_0718	0	51	0.5	0.2	0.1	0.0	-0.4	0.4	0.1	0.1	0.0	-0.1
UKB_0719	0	52	-0.2	0.3	0.0	-0.5	-0.1	0.4	-0.1	-0.1	0.1	0.3
UKB_0720	1	56	0.2	0.4	-0.4	0.4	0.4	0.0	0.1	-0.3	-0.1	-0.3
UKB_0721	0	42	-0.5	0.5	-0.2	0.1	-0.2	-0.1	-0.1	-0.2	0.1	0.5
UKB_0722	1	62	-0.1	0.5	0.2	0.1	-0.3	-0.4	0.4	0.1	-0.1	0.3
UKB_0723	1	60	-0.2	0.3	-0.2	0.4	-0.2	-0.4	0.2	-0.3	0.4	0.2
UKB_0724	0	62	-0.3	-0.3	0.4	0.1	0.4	-0.4	0.4	0.0	0.2	-0.1
UKB_0725	1	56	-0.4	0.5	0.5	-0.1	0.4	-0.3	-0.3	-0.4	-0.1	-0.4
UKB_0726	0	64	-0.1	-0.4	0.2	0.3	0.2	-0.3	0.3	-0.3	0.3	0.1
UKB_0727	1	69	-0.1	-0.4	0.3	0.4	0.2	0.5	0.4	-0.3	0.2	-0.2
UKB_0728	0	57	-0.0	-0.3	0.5	0.2	-0.2	-0.1	-0.1	0.2	0.4	-0.2
UKB_0729	0	53	-0.0	0.1	-0.1	0.0	-0.4	-0.3	-0.1	0.4	-0.2	-0.3
UKB_0730	1	43	0.2	0.4	-0.0	-0.5	0.2	-0.1	0.2	-0.2	-0.5	-0.2
UKB_0731	1	64	0.2	-0.1	-0.3	-0.0	0.3	-0.4	0.2	0.2	-0.1	0.5
UKB_0732	0	68	0.4	-0.2	-0.5	-0.2	-0.3	0.0	0.4	0.4	-0.2	-0.1
UKB_0733	1	61	-0.5	0.0	-0.4	0.4	0.4	-0.3	0.2	0.1	0.3	-0.0
UKB_0734	1	66	-0.3	0.1	-0.4	0.1	-0.3	0.2	0.3	-0.4	-0.1	0.2
UKB_0735	0	66	-0.3	0.1	0.2	-0.1	0.3	0.0	0.1	-0.4	-0.5	-0.4
UKB_0736	1	64	0.4	0.4	0.3	-0.3	0.0	0.3	0.2	-0.4	0.4	-0.3
UKB_0737	1	55	-0.3	0.4	-0.0	-0.1	0.1	0.5	-0.4	0.3	-0.2	-0.4
UKB_0738	0	43	-0.1	0.0	-0.3	-0.1	0.1	0.1	0.2	0.3	-0.1	-0.1
UKB_0739	1	40	-0.0	0.1	-0.4	-0.2	-0.3	-0.1	0.5	0.1	-0.1	0.1
UKB_0740	1	46	0.2	-0.1	-0.1	0.2	-0.4	0.0	0.0	0.3	0.5	0.3
UKB_0741	1	53	0.0	-0.3	0.1	0.3	0.4	0.3	-0.3	0.2	0.4	0.2
UKB_0742	1	63	0.2	0.0	0.1	-0.2	-0.4	0.3	0.4	0.4	-0.2	-0.4
UKB_0743	1	54	-0.2	0.3	0.2	0.5	-0.2	0.1	0.3	-0.3	0.5	0.1
UKB_0744	0	40	-0.5	-0.5	0.4	0.1	0.3	0.3	-0.1	0.3	0.4	-0.3
UKB_0745	1	46	0.3	-0.2	-0.2	-0.1	0.4	-0.5	-0.1	0.2	-0.4	0.3
UKB_0746	0	70	0.4	-0.4	-0.3	0.5	-0.3	-0.4	0.5	0.4	0.2	0.1
UKB_0747	1	70	0.4	0.2	0.2	0.3	0.2	0.0	-0.1	0.0	0.0	-0.1
UKB_0748	0	51	-0.1	0.3	-0.1	-0.5	-0.2	-0.3	0.3	-0.1	-0.2	0.3
UKB_0749	0	64	-0.5	-0.3	0.3	0.1	0.3	0.3	0.4	-0.4	0.3	0.2
UKB_0750	0	62	-0.3	0.4	-0.1	0.4	0.1	0.0	-0.3	0.4	0.1	-0.5
UKB_0751	1	68	-0.5	0.3	-0.3	0.1	0.2	-0.2	0.1	-0.3	0.4	0.4
UKB_0752	0	67	-0.2	0.0	0.0	0.5	-0.1	0.1	0.4	-0.3	0.1	-0.4
UKB_0753	0	59	0.1	-0.1	0.5	-0.1	-0.4	0.3	0.3	0.2	0.2	-0.2
UKB_0754	1	52	0.1	-0.5	-0.3	0.4	0.2	-0.3	-0.4	0.4	-0.4	-0.2
UKB_0755	1	59	-0.3	-0.5	-0.2	0.5	-0.2	0.0	0.2	0.1	0.2	0.2
UKB_0756	0	49	0.1	0.1	0.3	0.2	0.3	-0.4	0.2	0.2	-0.2	0.4
UKB_0757	1	50	-0.2	-0.3	0.4	-0.3	-0.1	-0.1	0.4	-0.0	0.2	0.3
UKB_0758	0	58	0.1	0.4	0.3	-0.1	0.5	0.0	-0.5	-0.2	0.1	-0.3
UKB_0759	0	57	0.1	-0.1	0.0	-0.5	0.3	-0.1	-0.4	-0.1	-0.0	0.1
UKB_0760	1	58	0.0	-0.5	0.4	-0.0	-0.4	0.3	0.2	0.1	-0.1	-0.1
UKB_0761	0	51	0.0	-0.4	-0.2	0.5	0.2	-0.1	-0.3	0.2	-0.2	-0.3
UKB_0762	1	52	-0.3	0.2	0.1	-0.4	-0.4	0.1	0.1	0.2	-0.3	0.2
UKB_0763	1	40	0.4	0.1	-0.3	0.2	-0.2	-0.5	-0.2	0.4	-0.1	0.4
UKB_0764	1	58	0.0	0.0	-0.5	0.1	-0.4	-0.0	-0.2	-0.1	0.0	-0.5
UKB_0765	0	57	-0.2	0.5	-0.4	-0.2	-0.2	-0.1	0.2	-0.3	-0.0	0.1
UKB_0766	1	68	-0.2	0.4	0.5	-0.4	-0.2	-0.3	-0.3	-0.0	0.1	-0.1
UKB_0767	1	55	-0.2	-0.2	0.5	0.4	-0.4	0.2	-0.0	0.2	0.1	0.4
UKB_0768	0	54	-0.4	-0.2	0.5	-0.3	-0.4	0.2	0.3	0.2	0.3	0.2
UKB_0769	0	42	-0.4	0.1	0.3	0.4	-0.3	-0.4	0.3	-0.2	-0.5	0.3
UKB_0770	0	46	0.0	-0.2	-0.5	-0.5	0.3	-0.0	-0.4	-0.1	-0.3	-0.4
UKB_0771	1	50	-0.2	0.0	-0.3	-0.2	-0.0	-0.1	-0.4	-0.5	-0.5	-0.1
UKB_0772	1	51	0.2	-0.4	0.3	0.2	-0.5	-0.5	-0.3	-0.4	0.0	-0.5
UKB_0773	0	51	0.3	-0.0	0.2	0.3	0.0	0.4	0.5	-0.1	-0.4	-0.1
UKB_0774	1	52	-0.3	0.0	-0.1	-0.0	0.3	-0.2	0.0	-0.2	0.3	0.1
UKB_0775	1	63	-0.5	0.2	-0.3	0.2	0.1	-0.1	0.2	0.4	0.3	0.0
UKB_0776	1	44	0.2	-0.1	0.3	0.3	-0.4	-0.3	-0.2	-0.3	-0.1	-0.3
UKB_0777	0	50	0.1	-0.4	-0.2	0.2	-0.1	-0.1	0.3	0.5	0.1	-0.4
UKB_0778	0	45	-0.4	0.5	0.2	0.3	0.2	-0.3	-0.1	0.3	0.4	-0.3
UKB_0779	0	49	0.1	-0.3	0.5	-0.2	0.2	-0.3	0.1	0.2	-0.2	0.3
UKB_0780	1	61	0.4	0.4	-0.2	0.2	0.1	0.1	-0.0	0.1	-0.4	-0.1
UKB_0781	1	41	-0.3	-0.2	-0.4	-0.3	0.3	0.0	-0.5	0.3	0.4	0.4
UKB_0782	1	50	0.3	0.5	0.1	0.5	0.4	-0.2	0.4	0.3	0.3	0.4
UKB_0783	0	40	-0.1	-0.1	0.1	0.2	0.4	0.4	0.2	0.5	-0.3	0.5
UKB_0784	0	69	-0.4	0.1	-0.4	0.1	-0.1	-0.4	0.1	0.2	-0.3	0.2
UKB_0785	0	62	-0.3	-0.4	-0.4	0.1	0.3	0.1	0.3	0.1	0.3	0.5
UKB_0786	1	47	-0.1	-0.4	-0.4	0.1	0.0	-0.3	0.4	0.5	-0.2	-0.3
UKB_0787	0	46	-0.3	-0.1	0.4	0.1	-0.4	-0.0	-0.4	-0.1	-0.1	0.1
UKB_0788	1	43	0.0	0.4	-0.5	0.3	-0.5	-0.2	0.4	0.2	-0.3	-0.0
UKB_0789	1	54	0.2	0.4	0.1	-0.5	-0.0	-0.3	-0.5	0.1	0.3	-0.5
UKB_0790	0	63	0.3	0.2	0.3	-0.3	-0.1	-0.4	-0.3	-0.2	-0.2	-0.3
UKB_0791	0	58	-0.3	0.4	0.3	-0.2	0.4	-0.3	-0.1	0.3	-0.1	-0.3
UKB_0792	0	67	-0.1	0.0	0.1	-0.1	-0.1	-0.2	0.0	-0.3	0.4	0.2
UKB_0793	1	50	-0.1	0.2	-0.5	-0.2	-0.1	-0.0	0.2	0.5	-0.1	-0.1
UKB_0794	1	48	0.1	-0.2	-0.4	0.5	0.3	0.5	-0.3	-0.5	-0.1	0.4
UKB_0795	0	54	-0.4	-0.4	-0.4	0.3	0.3	0.2	-0.4	0.2	-0.1	-0.3
UKB_0796	0	46	-0.2	0.0	-0.2	0.5	-0.0	-0.1	0.2	0.2	-0.5	0.1
UKB_0797	1	70	-0.3	-0.1	0.2	0.1	-0.1	-0.3	0.0	-0.2	0.4	0.0
UKB_0798	0	45	0.4	-0.1	0.3	-0.4	-0.2	-0.4	-0.5	0.4	0.2	0.1
UKB_0799	0	54	0.0	0.1	0.1	0.3	0.1	0.2	-0.2	0.5	-0.5	-0.1
UKB_0800	0	56	0.4	-0.3	-0.4	-0.1	-0.1	0.4	0.3	-0.0	0.5	0.1
UKB_0801	0	41	0.4	-0.3	-0.0	-0.5	-0.5	0.2	-0.4	0.0	0.2	-0.5
UKB_0802	0	54	-0.1	0.2	0.4	-0.2	0.5	0.3	0.2	-0.1	0.2	0.3
UKB_0803	1	54	-0.2	0.5	0.4	-0.0	0.2	0.0	0.3	0.3	-0.5	-0.4
UKB_0804	1	48	-0.2	0.4	-0.1	0.4	-0.0	-0.2	0.4	0.1	-0.1	-0.5
UKB_0805	1	43	-0.4	-0.4	-0.1	0.1	-0.2	-0.4	-0.2	-0.1	0.5	-0.1
UKB_0806	1	41	-0.4	0.1	0.4	0.3	0.3	0.4	0.1	0.5	-0.5	0.3
UKB_0807	1	40	0.4	0.4	-0.0	0.3	-0.3	0.1	-0.1	0.1	0.2	-0.2
UKB_0808	0	54	-0.3	-0.2	0.2	0.2	0.2	-0.4	0.3	0.2	-0.5	-0.2
UKB_0809	0	42	-0.0	-0.1	-0.4	-0.3	-0.5	-0.4	-0.2	0.3	0.0	-0.1
UKB_0810	1	69	0.2	0.0	-0.4	-0.3	-0.3	0.1	-0.0	-0.1	0.1	0.5
UKB_0811	0	47	-0.2	0.0	-0.0	0.2	0.2	0.2	-0.3	-0.1	0.3	-0.1
UKB_0812	1	60	0.5	-0.1	-0.0	-0.0	-0.1	0.3	-0.3	0.1	0.1	0.4
UKB_0813	1	60	0.1	0.5	0.4	-0.2	0.4	0.5	-0.2	0.1	-0.2	0.1
UKB_0814	0	55	-0.4	0.2	-0.1	0.1	-0.5	0.2	-0.0	0.1	-0.2	-0.4
UKB_0815	1	67	-0.1	0.4	-0.3	0.2	-0.5	0.2	-0.3	-0.0	-0.1	-0.4
UKB_0816	1	43	-0.2	-0.1	0.0	0.5	-0.0	0.4	-0.0	-0.4	-0.3	-0.1
UKB_0817	0	47	-0.2	0.4	0.2	0.1	-0.0	-0.1	0.1	-0.4	-0.3	-0.2
UKB_0818	0	47	-0.3	0.2	-0.5	-0.3	0.4	0.5	-0.0	-0.0	0.3	-0.5
UKB_0819	1	44	-0.1	-0.4	-0.1	0.5	0.3	0.5	0.2	0.1	0.3	0.2
UKB_0820	1	49	-0.0	-0.2	0.0	-0.2	-0.0	-0.4	0.1	-0.3	-0.2	-0.0
UKB_0821	0	49	-0.3	0.5	-0.1	-0.1	-0.5	0.3	0.1	-0.1	-0.3	0.2
UKB_0822	1	63	0.4	-0.1	-0.4	-0.4	-0.5	0.2	0.5	0.5	0.3	-0.3
UKB_0823	0	49	0.5	-0.2	-0.2	0.2	-0.5	0.3	0.5	0.3	0.3	-0.1
UKB_0824	1	67	-0.4	0.3	0.1	0.4	-0.4	-0.2	-0.1	0.2	0.3	0.5
UKB_0825	1	63	-0.2	-0.0	-0.5	-0.2	-0.1	0.1	-0.0	-0.1	0.1	0.3
UKB_0826	0	67	-0.3	-0.2	0.2	0.3	0.3	-0.3	0.0	0.4	-0.1	-0.1
UKB_0827	1	43	0.5	-0.4	0.2	0.4	-0.3	0.2	-0.0	0.4	0.4	0.4
UKB_0828	1	70	-0.4	0.3	0.4	0.1	0.1	-0.5	0.4	-0.5	-0.2	0.4
UKB_0829	1	59	0.4	0.5	-0.0	-0.3	-0.0	-0.4	0.4	0.1	-0.1	-0.4
UKB_0830	0	70	-0.1	0.4	0.2	-0.4	-0.3	-0.1	-0.4	0.4	0.2	-0.4
UKB_0831	0	51	0.3	-0.1	-0.3	0.1	-0.5	-0.0	0.3	0.4	-0.2	0.1
UKB_0832	0	69	-0.3	0.1	-0.2	0.1	-0.3	0.4	0.4	-0.2	0.3	-0.4
UKB_0833	0	58	0.2	-0.2	-0.4	0.2	-0.0	0.0	0.0	-0.4	-0.4	0.1
UKB_0834	0	42	0.1	-0.5	-0.1	0.1	0.2	0.3	-0.1	0.0	0.1	-0.2
UKB_0835	1	52	-0.4	-0.5	0.3	-0.3	0.1	0.1	-0.1	0.3	0.2	-0.5
UKB_0836	1	44	0.3	0.0	-0.2	0.2	0.2	-0.2	0.5	0.1	0.1	-0.4
UKB_0837	1	69	-0.2	-0.1	0.1	0.0	0.3	-0.2	0.2	0.3	0.3	0.3
UKB_0838	0	49	0.4	-0.4	0.2	0.5	0.1	-0.3	0.5	-0.3	-0.2	-0.3
UKB_0839	0	46	-0.0	-0.1	-0.0	0.4	-0.0	0.0	0.4	0.3	-0.3	-0.5
UKB_0840	1	57	0.1	0.3	0.1	-0.3	0.2	0.2	0.1	0.4	0.3	0.2
UKB_0841	0	53	0.2	0.2	0.0	-0.0	0.2	0.1	-0.0	-0.4	0.2	0.1
UKB_0842	1	43	-0.2	-0.1	-0.3	0.5	0.4	0.1	-0.1	0.2	0.0	0.5
UKB_0843	1	65	-0.4	-0.5	0.1	-0.3	0.1	0.3	-0.4	-0.1	0.2	0.3
UKB_0844	0	66	-0.0	-0.3	0.1	-0.0	0.3	0.1	-0.2	0.3	0.0	-0.3
UKB_0845	0	63	0.1	0.4	0.2	-0.2	0.2	-0.2	0.0	0.0	-0.3	-0.2
UKB_0846	0	59	0.4	-0.2	0.3	0.2	0.0	-0.4	-0.3	-0.3	0.1	0.5
UKB_0847	0	52	0.4	-0.5	-0.2	-0.3	0.5	-0.3	-0.3	0.1	0.1	-0.3
UKB_0848	0	56	0.2	-0.4	-0.5	-0.4	-0.1	0.5	0.0	0.3	-0.2	0.2
UKB_0849	1	56	0.5	-0.1	0.5	0.1	0.2	-0.2	0.1	0.0	0.5	0.4
UKB_0850	1	45	-0.1	0.4	0.4	0.1	-0.4	-0.3	-0.4	-0.4	0.5	-0.3
UKB_0851	1	42	0.2	0.1	0.1	-0.3	0.1	0.1	0.1	-0.3	0.2	-0.4
UKB_0852	1	47	0.1	-0.1	-0.2	0.3	-0.3	0.4	0.4	-0.1	-0.2	-0.4
UKB_0853	1	54	0.4	0.1	-0.5	0.0	-0.4	0.1	0.0	-0.4	0.3	-0.2
UKB_0854	0	44	0.0	0.1	0.5	-0.0	0.4	-0.1	0.4	-0.3	0.2	-0.4
UKB_0855	0	43	0.5	0.5	-0.1	0.0	0.1	-0.2	0.2	0.2	0.0	-0.4
UKB_0856	1	66	0.4	-0.4	0.1	-0.4	-0.4	-0.5	-0.1	0.1	0.0	0.2
UKB_0857	0	51	0.2	-0.4	-0.4	0.1	0.2	0.1	-0.3	0.3	-0.4	0.1
UKB_0858	0	58	-0.4	0.2	-0.1	0.2	-0.4	0.1	-0.4	0.2	-0.4	-0.4
UKB_0859	1	56	0.2	-0.4	-0.3	0.3	0.3	0.4	-0.2	0.0	0.3	-0.4
UKB_0860	1	62	0.2	-0.4	0.4	0.1	-0.0	-0.0	-0.3	-0.2	0.2	0.0
UKB_0861	1	62	0.0	-0.3	0.2	-0.1	-0.3	0.4	0.0	0.0	0.5	-0.1
UKB_0862	1	49	0.4	0.2	0.1	-0.3	-0.4	-0.1	-0.5	-0.4	0.1	0.2
UKB_0863	0	66	-0.3	0.2	0.4	0.2	0.3	0.2	-0.3	-0.1	0.4	0.2
UKB_0864	1	51	0.3	0.5	-0.3	-0.2	0.1	-0.5	0.1	0.3	0.1	-0.2
UKB_0865	1	65	0.2	-0.4	0.4	-0.4	0.4	-0.0	-0.1	0.0	-0.3	-0.0
UKB_0866	1	52	0.3	0.3	-0.3	0.2	0.4	0.3	-0.1	-0.5	0.4	-0.1
UKB_0867	1	43	-0.1	0.3	-0.2	0.3	-0.4	0.2	0.5	0.5	0.4	0.4
UKB_0868	1	63	-0.2	0.5	0.4	0.0	-0.1	-0.4	0.1	0.2	-0.1	-0.1
UKB_0869	0	40	0.1	-0.5	0.5	-0.2	-0.4	-0.5	0.4	0.4	-0.4	-0.3
UKB_0870	0	63	-0.1	-0.3	0.2	-0.4	0.0	-0.1	-0.0	-0.1	-0.3	-0.3
UKB_0871	0	41	-0.4	-0.4	0.5	-0.2	-0.2	-0.4	0.3	0.4	0.3	0.1
UKB_0872	0	46	0.3	-0.1	0.4	0.3	-0.5	-0.0	-0.2	-0.4	0.3	-0.5
UKB_0873	0	58	0.2	0.5	-0.0	-0.1	0.1	0.3	-0.3	-0.2	0.1	0.4
UKB_0874	0	69	-0.2	-0.1	0.5	-0.3	-0.4	0.1	-0.5	-0.3	0.1	0.2
UKB_0875	1	52	0.0	-0.1	0.1	0.1	0.3	0.3	0.2	0.4	0.3	-0.4
UKB_0876	1	43	0.5	0.4	-0.2	-0.5	0.1	-0.1	0.2	0.0	-0.4	-0.3
UKB_0877	1	47	0.4	-0.5	0.2	-0.2	-0.0	0.0	-0.2	0.2	0.2	-0.4
UKB_0878	1	67	-0.1	0.2	0.2	0.0	0.3	-0.4	-0.4	0.2	0.2	0.3
UKB_0879	1	62	-0.3	0.0	0.2	-0.3	0.0	0.1	-0.3	-0.1	-0.3	0.4
UKB_0880	1	43	-0.3	-0.4	-0.5	-0.5	-0.3	0.1	-0.5	-0.2	-0.4	-0.1
UKB_0881	0	51	-0.5	0.1	0.2	0.2	-0.3	0.4	0.2	-0.4	-0.1	0.3
UKB_0882	1	48	-0.2	-0.1	0.1	-0.4	0.5	-0.3	-0.5	-0.5	-0.1	0.4
UKB_0883	0	45	0.3	0.4	0.0	-0.1	-0.1	-0.5	0.4	-0.0	-0.0	0.0
UKB_0884	0	66	0.3	-0.3	0.2	0.2	0.3	-0.5	-0.3	-0.0	0.4	0.5
UKB_0885	1	59	0.1	-0.3	-0.3	0.1	-0.3	0.1	0.3	-0.1	-0.1	-0.5
UKB_0886	1	45	-0.2	0.2	-0.1	-0.3	-0.4	-0.4	0.2	0.1	0.0	0.0
UKB_0887	0	60	-0.3	0.0	-0.4	0.4	-0.4	-0.1	-0.5	0.3	-0.3	0.4
UKB_0888	0	52	-0.5	0.3	0.2	-0.3	-0.3	-0.1	0.3	0.4	-0.3	-0.1
UKB_0889	0	41	-0.3	-0.4	0.1	-0.2	-0.3	0.4	0.2	0.3	-0.5	0.4
UKB_0890	0	53	0.1	0.0	-0.5	0.4	0.0	0.3	0.2	0.3	0.2	0.4
UKB_0891	0	45	-0.3	-0.3	0.2	0.0	0.1	0.2	0.0	0.3	-0.2	0.4
UKB_0892	1	47	-0.4	0.1	0.4	-0.2	-0.2	-0.2	0.1	-0.1	-0.4	0.4
UKB_0893	1	67	-0.3	0.0	0.1	-0.5	-0.4	0.5	0.2	-0.5	0.3	0.0
UKB_0894	1	62	-0.4	0.2	-0.0	-0.3	0.4	-0.2	-0.2	-0.2	0.3	0.2
UKB_0895	1	44	0.4	-0.3	0.3	0.1	-0.2	-0.5	0.3	-0.3	0.1	0.0
UKB_0896	1	66	-0.5	0.5	0.3	-0.0	0.2	-0.0	0.2	-0.4	-0.1	-0.2
UKB_0897	1	57	-0.0	-0.0	-0.4	0.5	-0.5	-0.5	-0.1	0.1	-0.3	0.0
UKB_0898	0	67	0.2	-0.4	0.5	-0.2	0.1	-0.4	0.2	0.3	-0.4	-0.4
UKB_0899	0	63	-0.2	-0.5	0.5	0.1	0.1	0.5	0.3	0.3	-0.2	-0.2
UKB_0900	1	50	-0.2	-0.2	-0.1	-0.4	-0.1	-0.1	-0.2	-0.3	-0.1	-0.0
UKB_0901	0	56	0.2	0.2	-0.3	-0.5	-0.2	-0.3	-0.1	0.5	-0.3	-0.2
UKB_0902	0	56	0.2	0.0	-0.5	-0.3	0.4	-0.4	0.1	0.3	-0.2	0.2
UKB_0903	0	62	-0.3	-0.2	-0.2	0.5	-0.3	-0.4	0.4	-0.3	0.4	0.2
UKB_0904	1	47	0.1	0.3	0.2	-0.4	0.5	0.4	0.4	0.1	0.0	0.0
UKB_0905	0	50	-0.5	-0.0	0.1	0.2	-0.2	-0.0	0.1	-0.1	0.5	0.2
UKB_0906	1	47	-0.5	-0.5	0.2	-0.1	0.3	-0.3	-0.5	-0.1	0.2	0.5
UKB_0907	0	49	0.4	-0.0	0.3	-0.4	0.1	0.4	-0.1	0.5	-0.3	-0.4
UKB_0908	0	44	0.0	0.4	-0.2	0.3	-0.3	0.2	0.1	-0.3	0.2	0.2
UKB_0909	0	41	0.0	-0.3	-0.4	0.5	0.2	0.3	0.2	0.3	-0.3	-0.0
UKB_0910	0	69	0.2	-0.4	-0.4	0.1	0.4	0.2	-0.5	0.5	-0.4	-0.3
UKB_0911	1	42	0.5	0.3	0.4	0.3	0.2	-0.2	-0.2	0.4	0.4	-0.1
UKB_0912	0	67	-0.1	-0.2	-0.2	0.4	-0.5	-0.1	0.4	0.0	-0.0	-0.2
UKB_0913	0	40	-0.4	-0.3	-0.4	-0.4	-0.3	-0.2	-0.5	0.5	-0.4	-0.1
UKB_0914	1	64	0.4	-0.4	-0.0	0.3	0.1	-0.3	0.2	0.2	-0.1	-0.5
UKB_0915	1	50	-0.5	0.3	-0.2	-0.4	0.0	0.4	-0.5	-0.4	-0.1	0.2
UKB_0916	0	56	-0.0	0.4	-0.5	-0.2	-0.1	-0.2	-0.0	0.3	-0.2	0.2
UKB_0917	1	48	-0.4	0.1	-0.1	0.0	-0.4	0.5	0.4	0.3	0.4	-0.4
UKB_0918	1	55	0.0	-0.2	0.4	-0.3	-0.3	0.2	-0.4	0.2	-0.2	0.2
UKB_0919	0	53	0.4	0.1	-0.3	-0.5	-0.5	-0.4	0.1	-0.2	-0.3	-0.3
UKB_0920	1	56	0.4	-0.4	-0.2	-0.0	-0.5	0.4	-0.4	0.2	0.1	0.3
UKB_0921	1	52	0.2	0.3	-0.1	-0.0	0.2	0.1	0.0	-0.3	-0.2	-0.1
UKB_0922	1	56	-0.5	-0.1	-0.5	0.1	0.2	0.1	0.2	-0.5	-0.4	0.2
UKB_0923	0	65	0.3	0.2	0.2	0.2	0.2	0.2	0.2	-0.4	-0.4	-0.1
UKB_0924	0	53	0.0	0.3	-0.2	-0.2	0.3	-0.3	0.3	-0.3	-0.1	-0.1
UKB_0925	0	51	-0.2	-0.5	-0.3	-0.2	-0.2	0.3	-0.5	-0.1	-0.5	0.4
UKB_0926	1	44	0.3	0.5	0.4	-0.2	0.2	-0.2	0.4	-0.1	-0.1	0.4
UKB_0927	1	51	0.3	0.5	-0.4	-0.3	-0.2	-0.1	-0.0	-0.2	0.3	-0.3
UKB_0928	0	43	0.2	0.4	0.1	-0.1	-0.3	-0.4	0.2	-0.0	-0.5	0.5
UKB_0929	0	45	0.2	0.3	-0.1	0.5	-0.3	-0.3	0.4	0.4	-0.0	-0.4
UKB_0930	1	69	-0.2	0.3	0.3	-0.2	-0.4	0.2	0.2	-0.1	0.1	0.5
UKB_0931	1	42	-0.3	0.1	0.1	0.0	0.4	0.1	0.0	-0.4	0.2	-0.4
UKB_0932	1	54	-0.5	-0.0	0.1	0.5	0.2	0.3	-0.2	0.0	0.5	-0.1
UKB_0933	0	65	0.3	0.0	-0.3	0.1	-0.3	-0.5	-0.3	-0.3	-0.1	0.4
UKB_0934	1	69	-0.1	0.3	0.1	-0.5	-0.3	0.4	0.1	0.4	-0.2	0.2
UKB_0935	0	44	0.3	0.5	-0.5	0.5	-0.1	0.3	0.0	0.1	-0.1	0.3
UKB_0936	1	45	-0.2	-0.0	0.1	0.2	-0.0	0.2	-0.0	0.2	0.2	0.2
UKB_0937	0	51	0.3	0.0	-0.3	0.2	-0.4	-0.3	0.3	-0.1	-0.0	0.5
UKB_0938	0	57	-0.3	-0.5	-0.4	-0.3	0.2	0.3	0.1	-0.2	0.0	-0.5
UKB_0939	0	69	0.2	0.1	-0.5	0.3	0.3	-0.2	0.1	0.1	-0.4	-0.3
UKB_0940	1	46	0.2	0.4	0.1	0.1	0.1	-0.1	-0.4	-0.1	0.4	0.3
UKB_0941	1	45	0.4	-0.3	0.0	0.1	-0.3	-0.3	0.3	0.2	0.1	-0.2
UKB_0942	0	47	0.0	-0.5	-0.4	0.0	-0.2	0.5	-0.0	-0.4	-0.5	0.2
UKB_0943	1	67	-0.3	-0.3	-0.1	-0.2	0.1	-0.0	-0.4	0.3	-0.1	0.1
UKB_0944	0	40	-0.5	0.1	-0.2	-0.0	-0.2	0.5	-0.3	0.4	0.4	-0.1
UKB_0945	0	51	-0.2	-0.1	0.5	0.1	0.0	-0.5	0.3	-0.4	-0.5	-0.2
UKB_0946	0	43	-0.0	0.4	0.3	-0.3	-0.1	0.3	0.0	-0.3	-0.1	0.1
UKB_0947	1	44	0.5	0.2	-0.5	0.2	-0.2	0.4	-0.1	-0.3	-0.0	-0.2
UKB_0948	0	68	-0.3	0.1	0.3	0.3	-0.1	-0.4	-0.0	-0.1	-0.3	0.4
UKB_0949	1	40	0.5	-0.4	0.3	0.1	-0.2	0.1	-0.4	-0.4	0.5	0.1
UKB_0950	0	49	-0.2	-0.0	0.5	-0.1	0.4	0.4	-0.2	0.2	0.2	0.3
UKB_0951	0	68	-0.1	-0.4	-0.3	0.1	0.3	0.3	0.1	-0.4	-0.5	0.3
UKB_0952	0	58	0.0	0.3	-0.3	-0.1	0.4	-0.3	-0.4	0.2	0.1	0.5
UKB_0953	1	42	0.4	0.2	-0.5	-0.0	0.4	-0.1	0.5	0.2	-0.4	0.0
UKB_0954	0	54	0.2	-0.4	-0.2	0.2	-0.3	-0.2	0.2	0.3	0.0	0.5
UKB_0955	1	70	0.4	-0.0	-0.3	0.3	-0.3	0.3	0.1	-0.1	0.1	0.0
UKB_0956	1	52	0.4	-0.3	0.4	-0.5	0.3	0.4	-0.1	-0.4	0.3	0.3
UKB_0957	0	56	-0.2	0.0	0.3	-0.3	0.1	-0.1	-0.3	0.3	-0.2	0.4
UKB_0958	1	56	0.1	0.0	-0.1	-0.1	0.3	0.2	0.3	-0.1	-0.2	-0.4
UKB_0959	1	60	0.3	-0.1	0.0	-0.0	-0.1	0.2	0.1	0.5	-0.4	0.1
UKB_0960	0	45	-0.4	0.3	0.1	-0.1	0.3	-0.0	-0.3	-0.0	-0.4	0.4
UKB_0961	0	66	0.2	0.3	0.4	0.3	-0.1	-0.4	-0.1	0.4	0.4	0.3
UKB_0962	0	70	-0.3	-0.3	0.4	-0.4	0.1	-0.1	-0.2	0.2	0.5	0.3
UKB_0963	1	44	-0.0	-0.1	0.4	0.1	-0.0	0.2	-0.3	-0.4	0.4	0.1
UKB_0964	0	65	-0.3	-0.2	0.5	0.1	0.1	-0.4	0.5	0.4	0.0	-0.2
UKB_0965	1	65	0.2	0.3	0.3	0.5	0.1	-0.2	-0.0	0.3	-0.2	-0.3
UKB_0966	1	62	0.2	-0.1	0.3	-0.4	-0.2	-0.2	0.2	0.3	-0.0	-0.0
UKB_0967	1	51	-0.4	0.2	0.5	0.3	-0.3	0.1	-0.2	-0.5	-0.3	-0.4
UKB_0968	0	54	-0.3	0.3	-0.2	0.3	0.4	0.1	-0.0	0.3	-0.4	-0.1
UKB_0969	1	66	-0.0	0.3	0.3	0.3	0.2	0.0	0.3	0.4	-0.0	0.5
UKB_0970	0	44	0.4	0.0	-0.4	-0.3	0.3	-0.4	-0.0	0.1	0.4	0.3
UKB_0971	0	65	0.3	-0.1	-0.4	0.2	-0.3	0.1	0.5	0.1	0.1	0.2
UKB_0972	0	68	0.3	-0.1	-0.0	-0.3	0.1	-0.2	0.0	0.3	-0.5	0.1
UKB_0973	0	61	-0.3	-0.2	-0.5	-0.3	0.5	0.5	0.2	0.1	0.3	0.4
UKB_0974	0	50	0.0	-0.5	0.2	0.5	-0.2	-0.0	-0.1	-0.1	0.2	-0.1
UKB_0975	0	57	0.4	0.3	-0.5	0.3	0.3	0.0	-0.0	0.3	-0.1	-0.3
UKB_0976	0	41	-0.2	-0.2	0.2	-0.3	0.1	-0.0	0.3	-0.0	0.4	0.4
UKB_0977	0	68	-0.3	0.2	-0.3	0.3	0.1	-0.2	-0.3	-0.1	0.3	0.3
UKB_0978	1	50	-0.5	-0.2	-0.1	0.1	-0.4	-0.2	0.4	-0.0	0.2	-0.0
UKB_0979	0	41	-0.0	0.1	-0.2	-0.3	0.5	0.4	0.2	-0.4	-0.5	-0.3
UKB_0980	1	64	0.4	0.3	0.0	0.5	-0.4	0.1	-0.3	-0.2	0.4	0.4
UKB_0981	1	60	-0.4	-0.3	0.1	-0.4	0.1	0.1	-0.2	-0.2	-0.3	0.4
UKB_0982	1	59	-0.1	0.1	-0.2	0.2	-0.4	-0.4	0.2	0.2	-0.2	-0.1
UKB_0983	1	41	0.5	-0.4	-0.3	-0.1	-0.2	0.1	0.2	0.0	0.1	-0.1
UKB_0984	1	63	0.3	-0.5	-0.2	0.2	-0.2	-0.4	-0.2	0.2	-0.4	0.2
UKB_0985	1	59	0.3	0.1	-0.3	0.3	-0.3	0.4	0.2	-0.4	0.3	0.0
UKB_0986	1	64	-0.0	-0.1	0.1	0.2	0.4	-0.2	0.1	0.2	0.2	-0.0
UKB_0987	1	65	-0.1	0.3	-0.2	-0.3	0.0	-0.2	-0.5	-0.4	0.2	0.5
UKB_0988	0	46	-0.0	-0.4	0.3	-0.2	0.5	0.1	-0.3	-0.0	-0.2	0.3
UKB_0989	0	46	-0.4	0.4	0.3	0.4	0.4	-0.3	0.0	0.3	-0.1	-0.4
UKB_0990	1	68	-0.2	-0.3	0.4	-0.0	0.2	0.5	-0.2	0.3	-0.5	-0.4
UKB_0991	0	56	-0.3	-0.2	-0.1	-0.0	-0.3	-0.4	0.2	-0.5	0.3	0.4
UKB_0992	1	53	0.2	0.1	0.2	0.2	0.4	0.5	-0.1	0.1	0.3	-0.5
UKB_0993	0	48	0.0	0.2	0.2	-0.1	-0.2	-0.3	0.1	0.4	0.4	-0.1
UKB_0994	0	59	-0.2	0.3	0.2	0.0	-0.1	-0.4	0.3	0.1	-0.1	0.4
UKB_0995	1	63	0.2	0.4	-0.0	-0.0	0.4	0.5	0.5	0.3	-0.0	-0.3
UKB_0996	1	40	-0.1	0.4	-0.1	0.3	0.4	0.5	0.4	0.1	-0.0	0.5
UKB_0997	1	57	-0.3	-0.3	0.5	0.2	0.0	-0.4	0.0	0.4	0.1	-0.1
UKB_0998	0	70	0.1	0.4	0.4	-0.1	0.1	-0.2	-0.0	-0.3	0.0	0.1
UKB_0999	1	48	-0.2	-0.2	-0.3	-0.4	0.2	-0.3	-0.4	0.5	-0.2	0.4
UKB_1000	1	48	0.1	0.2	0.1	-0.3	0.3	0.3	-0.2	0.3	0.0	0.4
